Objects created 43 Destroyed 43
Clock Resolution 0
Events 1834
0.0110149 0 0 1 0 -1 -1
0.0115509 0 0 1 1 -1 -1
0.0117539 0 0 2 2 -1 -1
0.022879 0 13 0 3 -1 -1
0.0335679 0 2 1 4 -1 -1
0.0563029 0 2 0 5 -1 -1
0.082613 0 1 2 6 -1 -1
0.082794 0 1 2 7 -1 -1
0.082873 0 3 0 8 -1 -1
0.111332 1 1 2 7 -1 -1
0.11148 1 1 2 6 -1 -1
0.111711 0 1 2 9 -1 -1
0.111907 0 1 0 10 -1 -1
0.111984 0 3 0 11 -1 -1
0.125258 1 1 2 9 -1 -1
0.125411 1 1 0 10 -1 -1
0.136045 0 2 1 12 -1 -1
0.136162 0 2 1 13 -1 -1
0.136246 0 2 1 14 -1 -1
0.161497 0 4 1 15 -1 -1
0.172533 0 12 -1 16 -1 -1
0.183039 0 9 0 17 -1 -1
0.194067 0 7 3 18 -1 -1
0.227942 0 8 1 19 -1 -1
0.295855 0 2 1 20 -1 -1
0.296068 0 2 1 21 -1 -1
0.296151 0 2 1 22 -1 -1
0.296228 0 2 1 23 -1 -1
0.296312 2 0 60 16 -1 -1
0.297007 2 0 39 4 -1 -1
0.297047 3 0 39 4 -1 -1
0.297088 2 0 31 4 -1 -1
0.297196 3 0 31 4 -1 -1
0.297233 2 0 62 16 4 12
0.307917 2 0 73 11 4 5
0.307967 3 0 73 11 4 5
0.30801 2 0 74 11 4 5
0.308205 3 0 74 11 4 5
0.308273 3 0 62 16 4 12
0.308309 2 0 31 12 -1 -1
0.308422 3 0 31 12 -1 -1
0.30846 2 0 63 16 4 15
0.31886 2 0 24 15 -1 -1
0.329382 3 0 24 15 -1 -1
0.329433 2 0 24 15 -1 -1
0.329471 3 0 24 15 -1 -1
0.329496 2 0 24 15 -1 -1
0.32953 3 0 24 15 -1 -1
0.329553 2 0 24 15 -1 -1
0.329587 3 0 24 15 -1 -1
0.329612 2 0 24 15 -1 -1
0.329645 3 0 24 15 -1 -1
0.329669 2 0 24 15 -1 -1
0.329702 3 0 24 15 -1 -1
0.329725 2 0 24 15 -1 -1
0.329759 3 0 24 15 -1 -1
0.329782 2 0 24 15 -1 -1
0.329816 3 0 24 15 -1 -1
0.32984 2 0 24 15 -1 -1
0.329873 3 0 24 15 -1 -1
0.329897 2 0 24 15 -1 -1
0.329931 3 0 24 15 -1 -1
0.329954 2 0 24 15 -1 -1
0.329988 3 0 24 15 -1 -1
0.340421 2 0 1 15 -1 -1
0.34046 3 0 1 15 -1 -1
0.340488 2 0 2 15 -1 -1
0.362199 3 0 2 15 -1 -1
0.362282 3 0 63 16 4 15
0.362326 2 0 55 17 12 20
0.362366 2 0 58 17 12 20
0.362967 0 2 1 24 -1 -1
0.36307 0 2 1 25 -1 -1
0.363146 0 2 1 26 -1 -1
0.36322 0 2 1 27 -1 -1
0.363294 0 2 1 28 -1 -1
0.363373 2 0 56 19 -1 -1
0.384451 0 9 0 29 -1 -1
0.38508 0 7 3 30 -1 -1
0.385446 0 8 1 31 -1 -1
0.396835 0 2 0 32 -1 -1
0.396989 0 2 0 33 -1 -1
0.397167 0 1 2 34 -1 -1
0.397237 2 0 70 15 34 34
0.397326 0 4 1 35 -1 -1
0.397464 2 0 1 35 -1 -1
0.397493 3 0 1 35 -1 -1
0.397521 2 0 2 35 -1 -1
0.397606 3 0 2 35 -1 -1
0.397682 3 0 70 15 34 34
0.397728 2 0 58 29 32 33
0.397879 0 2 0 36 -1 -1
0.398008 0 2 0 37 -1 -1
0.398128 0 2 0 38 -1 -1
0.398244 0 2 0 39 -1 -1
0.398361 0 2 0 40 -1 -1
0.398478 0 2 0 41 -1 -1
0.398995 0 2 0 42 -1 -1
0.399093 2 0 56 31 -1 -1
0.39912 3 0 56 31 -1 -1
0.399142 3 0 58 29 32 33
0.399179 3 0 56 19 -1 -1
0.399206 3 0 58 17 12 20
0.39925 2 0 39 20 -1 -1
0.399279 3 0 39 20 -1 -1
0.399312 2 0 57 19 12 26
0.409856 2 0 55 29 32 33
0.421221 2 0 57 31 32 42
0.421272 2 0 15 35 32 42
0.421345 3 0 15 35 32 42
0.421385 3 0 57 31 32 42
0.421428 2 0 0 35 33 39
0.421471 3 0 0 35 33 39
0.421498 2 0 57 31 39 38
0.421531 2 0 15 35 39 38
0.421566 3 0 15 35 39 38
0.421596 3 0 57 31 39 38
0.421632 2 0 38 42 36 -1
0.432032 3 0 38 42 36 -1
0.432081 2 0 40 38 36 -1
0.442641 3 0 40 38 36 -1
0.442693 2 0 31 36 -1 -1
0.442734 3 0 31 36 -1 -1
0.443129 2 0 38 36 37 -1
0.443174 3 0 38 36 37 -1
0.443201 2 0 39 41 -1 -1
0.443233 3 0 39 41 -1 -1
0.443256 2 0 39 38 -1 -1
0.44328 3 0 39 38 -1 -1
0.443307 2 0 30 36 37 -1
0.443338 3 0 30 36 37 -1
0.443365 2 0 40 38 41 -1
0.443399 3 0 40 38 41 -1
0.443425 2 0 41 36 41 -1
0.443453 3 0 41 36 41 -1
0.443491 2 0 0 35 41 39
0.44353 3 0 0 35 41 39
0.44356 2 0 57 31 39 38
0.443595 2 0 15 35 39 38
0.443636 3 0 15 35 39 38
0.443668 3 0 57 31 39 38
0.443702 2 0 30 37 38 -1
0.443736 3 0 30 37 38 -1
0.443764 2 0 43 38 36 40
0.443791 3 0 43 38 36 40
0.443823 2 0 0 35 40 36
0.443856 3 0 0 35 40 36
0.443882 2 0 57 31 36 39
0.443914 2 0 15 35 36 39
0.443949 3 0 15 35 36 39
0.443978 3 0 57 31 36 39
0.44401 2 0 30 40 39 -1
0.444042 3 0 30 40 39 -1
0.444066 2 0 30 39 39 -1
0.444094 3 0 30 39 39 -1
0.44412 2 0 40 41 33 -1
0.444156 3 0 40 41 33 -1
0.44418 2 0 40 40 33 -1
0.444208 3 0 40 40 33 -1
0.444232 2 0 43 39 40 36
0.444256 3 0 43 39 40 36
0.444277 2 0 31 36 -1 -1
0.444308 3 0 31 36 -1 -1
0.444337 2 0 30 36 37 -1
0.444366 3 0 30 36 37 -1
0.444391 2 0 40 38 41 -1
0.44442 3 0 40 38 41 -1
0.444444 2 0 41 36 41 -1
0.444468 3 0 41 36 41 -1
0.444502 2 0 0 35 41 39
0.444535 3 0 0 35 41 39
0.444563 2 0 57 31 39 38
0.444596 2 0 15 35 39 38
0.444631 3 0 15 35 39 38
0.444662 3 0 57 31 39 38
0.444693 2 0 30 37 38 -1
0.444724 3 0 30 37 38 -1
0.444749 2 0 43 38 36 40
0.444773 3 0 43 38 36 40
0.444804 2 0 0 35 40 36
0.444834 3 0 0 35 40 36
0.44486 2 0 57 31 36 39
0.444893 2 0 15 35 36 39
0.444929 3 0 15 35 36 39
0.444958 3 0 57 31 36 39
0.44499 2 0 30 40 39 -1
0.445022 3 0 30 40 39 -1
0.445046 2 0 30 39 39 -1
0.445074 3 0 30 39 39 -1
0.445098 2 0 40 41 33 -1
0.445131 3 0 40 41 33 -1
0.445155 2 0 40 40 33 -1
0.445185 3 0 40 40 33 -1
0.445209 2 0 43 39 40 36
0.445233 3 0 43 39 40 36
0.445254 2 0 31 36 -1 -1
0.445284 3 0 31 36 -1 -1
0.445326 3 0 55 29 32 33
0.445391 3 0 57 19 12 26
0.445429 2 0 38 26 27 -1
0.445463 3 0 38 26 27 -1
0.445495 2 0 31 27 -1 -1
0.445599 3 0 31 27 -1 -1
0.445638 2 0 37 27 -1 -1
0.445671 3 0 37 27 -1 -1
0.445712 2 0 0 15 27 25
0.445747 3 0 0 15 27 25
0.445773 2 0 57 19 25 28
0.445815 2 0 55 29 32 33
0.445968 2 0 57 31 32 42
0.44604 2 0 15 35 32 42
0.44609 3 0 15 35 32 42
0.446126 3 0 57 31 32 42
0.446168 2 0 0 35 33 39
0.446205 3 0 0 35 33 39
0.446231 2 0 57 31 39 38
0.446264 2 0 15 35 39 38
0.446298 3 0 15 35 39 38
0.446328 3 0 57 31 39 38
0.446361 2 0 38 42 36 -1
0.446397 3 0 38 42 36 -1
0.446422 2 0 40 38 36 -1
0.446455 3 0 40 38 36 -1
0.446483 2 0 31 36 -1 -1
0.446518 3 0 31 36 -1 -1
0.446549 2 0 38 36 37 -1
0.44658 3 0 38 36 37 -1
0.446604 2 0 39 41 -1 -1
0.446634 3 0 39 41 -1 -1
0.446658 2 0 39 38 -1 -1
0.446682 3 0 39 38 -1 -1
0.446708 2 0 30 36 37 -1
0.446736 3 0 30 36 37 -1
0.446762 2 0 40 38 41 -1
0.446792 3 0 40 38 41 -1
0.446818 2 0 41 36 41 -1
0.446844 3 0 41 36 41 -1
0.44688 2 0 0 35 41 39
0.446914 3 0 0 35 41 39
0.446943 2 0 57 31 39 38
0.446976 2 0 15 35 39 38
0.447012 3 0 15 35 39 38
0.447044 3 0 57 31 39 38
0.447075 2 0 30 37 38 -1
0.447108 3 0 30 37 38 -1
0.447134 2 0 43 38 36 40
0.447159 3 0 43 38 36 40
0.44719 2 0 0 35 40 36
0.447221 3 0 0 35 40 36
0.447247 2 0 57 31 36 39
0.44728 2 0 15 35 36 39
0.447315 3 0 15 35 36 39
0.447344 3 0 57 31 36 39
0.447375 2 0 30 40 39 -1
0.447408 3 0 30 40 39 -1
0.447433 2 0 30 39 39 -1
0.447461 3 0 30 39 39 -1
0.447487 2 0 40 41 33 -1
0.447521 3 0 40 41 33 -1
0.447545 2 0 40 40 33 -1
0.447572 3 0 40 40 33 -1
0.447597 2 0 43 39 40 36
0.44762 3 0 43 39 40 36
0.447642 2 0 31 36 -1 -1
0.447672 3 0 31 36 -1 -1
0.447704 2 0 30 36 37 -1
0.447734 3 0 30 36 37 -1
0.447759 2 0 40 38 41 -1
0.447789 3 0 40 38 41 -1
0.447814 2 0 41 36 41 -1
0.447838 3 0 41 36 41 -1
0.447872 2 0 0 35 41 39
0.447905 3 0 0 35 41 39
0.447932 2 0 57 31 39 38
0.447964 2 0 15 35 39 38
0.448 3 0 15 35 39 38
0.448032 3 0 57 31 39 38
0.448063 2 0 30 37 38 -1
0.448096 3 0 30 37 38 -1
0.44812 2 0 43 38 36 40
0.448143 3 0 43 38 36 40
0.448173 2 0 0 35 40 36
0.448204 3 0 0 35 40 36
0.44823 2 0 57 31 36 39
0.448262 2 0 15 35 36 39
0.448296 3 0 15 35 36 39
0.448326 3 0 57 31 36 39
0.448357 2 0 30 40 39 -1
0.448389 3 0 30 40 39 -1
0.448413 2 0 30 39 39 -1
0.44844 3 0 30 39 39 -1
0.448464 2 0 40 41 33 -1
0.448496 3 0 40 41 33 -1
0.44852 2 0 40 40 33 -1
0.448547 3 0 40 40 33 -1
0.44857 2 0 43 39 40 36
0.448593 3 0 43 39 40 36
0.448614 2 0 31 36 -1 -1
0.448644 3 0 31 36 -1 -1
0.448682 3 0 55 29 32 33
0.448744 3 0 57 19 25 28
0.44878 2 0 71 18 -1 -1
0.448815 2 0 30 27 28 -1
0.448918 3 0 30 27 28 -1
0.448954 2 0 40 27 28 -1
0.448992 3 0 40 27 28 -1
0.449017 3 0 71 18 -1 -1
0.449048 2 0 31 28 -1 -1
0.449127 3 0 31 28 -1 -1
0.449168 2 0 37 28 -1 -1
0.449201 3 0 37 28 -1 -1
0.449246 2 0 39 24 -1 -1
0.449275 3 0 39 24 -1 -1
0.449302 2 0 48 24 27 -1
0.449331 3 0 48 24 27 -1
0.449358 2 0 40 24 20 -1
0.449391 3 0 40 24 20 -1
0.449434 3 0 55 17 12 20
0.449487 2 0 38 20 23 -1
0.449521 3 0 38 20 23 -1
0.449548 2 0 61 16 4 12
0.449578 2 0 31 20 -1 -1
0.449668 3 0 31 20 -1 -1
0.449711 2 0 0 15 20 22
0.449749 3 0 0 15 20 22
0.449777 2 0 30 12 22 -1
0.449858 3 0 30 12 22 -1
0.449893 2 0 38 20 22 -1
0.449926 3 0 38 20 22 -1
0.449951 2 0 40 4 22 -1
0.449984 3 0 40 4 22 -1
0.450009 2 0 62 16 22 21
0.45005 2 0 73 11 22 5
0.450083 3 0 73 11 22 5
0.45012 2 0 74 11 22 5
0.450146 3 0 74 11 22 5
0.450195 3 0 62 16 22 21
0.450227 2 0 31 21 -1 -1
0.450313 3 0 31 21 -1 -1
0.450353 2 0 38 4 22 -1
0.450385 3 0 38 4 22 -1
0.45041 2 0 40 20 22 -1
0.45044 3 0 40 20 22 -1
0.450465 2 0 62 16 22 21
0.450498 2 0 73 11 22 5
0.450528 3 0 73 11 22 5
0.450563 2 0 74 11 22 5
0.45059 3 0 74 11 22 5
0.450632 3 0 62 16 22 21
0.45066 2 0 31 21 -1 -1
0.450743 3 0 31 21 -1 -1
0.450781 2 0 38 22 20 -1
0.450813 3 0 38 22 20 -1
0.450839 3 0 61 16 4 12
0.45087 2 0 31 20 -1 -1
0.450951 3 0 31 20 -1 -1
0.450994 2 0 63 16 20 15
0.451038 2 0 24 15 -1 -1
0.451079 3 0 24 15 -1 -1
0.451107 2 0 24 15 -1 -1
0.451141 3 0 24 15 -1 -1
0.451166 2 0 24 15 -1 -1
0.451199 3 0 24 15 -1 -1
0.451223 2 0 24 15 -1 -1
0.451256 3 0 24 15 -1 -1
0.451281 2 0 24 15 -1 -1
0.451314 3 0 24 15 -1 -1
0.451338 2 0 24 15 -1 -1
0.451371 3 0 24 15 -1 -1
0.451394 2 0 24 15 -1 -1
0.451428 3 0 24 15 -1 -1
0.451452 2 0 24 15 -1 -1
0.451485 3 0 24 15 -1 -1
0.451509 2 0 24 15 -1 -1
0.451542 3 0 24 15 -1 -1
0.451566 2 0 24 15 -1 -1
0.451599 3 0 24 15 -1 -1
0.451623 2 0 24 15 -1 -1
0.451657 3 0 24 15 -1 -1
0.452049 2 0 1 15 -1 -1
0.452084 3 0 1 15 -1 -1
0.452108 2 0 2 15 -1 -1
0.452211 3 0 2 15 -1 -1
0.452279 3 0 63 16 20 15
0.452322 2 0 55 17 21 4
0.452361 2 0 58 17 21 4
0.452399 2 0 56 19 -1 -1
0.452457 2 0 70 15 34 34
0.452666 2 0 19 35 -1 -1
0.452704 3 0 19 35 -1 -1
0.452761 2 0 1 35 -1 -1
0.452787 3 0 1 35 -1 -1
0.452812 2 0 2 35 -1 -1
0.452897 3 0 2 35 -1 -1
0.452971 3 0 70 15 34 34
0.453016 2 0 58 29 32 33
0.453058 2 0 56 31 -1 -1
0.45308 3 0 56 31 -1 -1
0.4531 3 0 58 29 32 33
0.453131 3 0 56 19 -1 -1
0.453156 3 0 58 17 21 4
0.453195 2 0 39 4 -1 -1
0.453224 3 0 39 4 -1 -1
0.453253 2 0 57 19 21 26
0.453297 2 0 55 29 32 33
0.453351 2 0 57 31 32 42
0.45339 2 0 15 35 32 42
0.453435 3 0 15 35 32 42
0.453467 3 0 57 31 32 42
0.453506 2 0 0 35 33 39
0.453543 3 0 0 35 33 39
0.453569 2 0 57 31 39 38
0.453602 2 0 15 35 39 38
0.453638 3 0 15 35 39 38
0.453669 3 0 57 31 39 38
0.453703 2 0 38 42 36 -1
0.453741 3 0 38 42 36 -1
0.453766 2 0 40 38 36 -1
0.453799 3 0 40 38 36 -1
0.45383 2 0 31 36 -1 -1
0.453865 3 0 31 36 -1 -1
0.453896 2 0 38 36 37 -1
0.453925 3 0 38 36 37 -1
0.453949 2 0 39 41 -1 -1
0.453976 3 0 39 41 -1 -1
0.454 2 0 39 38 -1 -1
0.454023 3 0 39 38 -1 -1
0.45405 2 0 30 36 37 -1
0.454078 3 0 30 36 37 -1
0.454105 2 0 40 38 41 -1
0.454135 3 0 40 38 41 -1
0.454161 2 0 41 36 41 -1
0.454188 3 0 41 36 41 -1
0.454224 2 0 0 35 41 39
0.454259 3 0 0 35 41 39
0.454287 2 0 57 31 39 38
0.454319 2 0 15 35 39 38
0.454355 3 0 15 35 39 38
0.454387 3 0 57 31 39 38
0.454419 2 0 30 37 38 -1
0.454453 3 0 30 37 38 -1
0.45448 2 0 43 38 36 40
0.454508 3 0 43 38 36 40
0.454539 2 0 0 35 40 36
0.45457 3 0 0 35 40 36
0.454596 2 0 57 31 36 39
0.454628 2 0 15 35 36 39
0.454663 3 0 15 35 36 39
0.454693 3 0 57 31 36 39
0.454724 2 0 30 40 39 -1
0.454756 3 0 30 40 39 -1
0.454781 2 0 30 39 39 -1
0.454808 3 0 30 39 39 -1
0.454833 2 0 40 41 33 -1
0.454865 3 0 40 41 33 -1
0.454889 2 0 40 40 33 -1
0.454917 3 0 40 40 33 -1
0.454941 2 0 43 39 40 36
0.454965 3 0 43 39 40 36
0.454986 2 0 31 36 -1 -1
0.455017 3 0 31 36 -1 -1
0.455046 2 0 30 36 37 -1
0.455075 3 0 30 36 37 -1
0.4551 2 0 40 38 41 -1
0.455129 3 0 40 38 41 -1
0.455153 2 0 41 36 41 -1
0.455178 3 0 41 36 41 -1
0.455213 2 0 0 35 41 39
0.455246 3 0 0 35 41 39
0.455275 2 0 57 31 39 38
0.455306 2 0 15 35 39 38
0.455342 3 0 15 35 39 38
0.455372 3 0 57 31 39 38
0.455403 2 0 30 37 38 -1
0.455435 3 0 30 37 38 -1
0.455459 2 0 43 38 36 40
0.455482 3 0 43 38 36 40
0.455513 2 0 0 35 40 36
0.455544 3 0 0 35 40 36
0.455571 2 0 57 31 36 39
0.455603 2 0 15 35 36 39
0.455637 3 0 15 35 36 39
0.455667 3 0 57 31 36 39
0.455699 2 0 30 40 39 -1
0.455731 3 0 30 40 39 -1
0.455756 2 0 30 39 39 -1
0.455783 3 0 30 39 39 -1
0.455808 2 0 40 41 33 -1
0.45584 3 0 40 41 33 -1
0.455864 2 0 40 40 33 -1
0.456006 3 0 40 40 33 -1
0.456039 2 0 43 39 40 36
0.456064 3 0 43 39 40 36
0.456087 2 0 31 36 -1 -1
0.456122 3 0 31 36 -1 -1
0.456163 3 0 55 29 32 33
0.456226 3 0 57 19 21 26
0.456263 2 0 38 26 27 -1
0.456298 3 0 38 26 27 -1
0.456328 2 0 31 27 -1 -1
0.456429 3 0 31 27 -1 -1
0.456466 2 0 37 27 -1 -1
0.4565 3 0 37 27 -1 -1
0.456538 2 0 0 15 27 25
0.456575 3 0 0 15 27 25
0.456601 2 0 57 19 25 28
0.456641 2 0 55 29 32 33
0.457071 2 0 57 31 32 42
0.457118 2 0 15 35 32 42
0.457164 3 0 15 35 32 42
0.457197 3 0 57 31 32 42
0.457237 2 0 0 35 33 39
0.457274 3 0 0 35 33 39
0.457301 2 0 57 31 39 38
0.457334 2 0 15 35 39 38
0.457369 3 0 15 35 39 38
0.457399 3 0 57 31 39 38
0.457433 2 0 38 42 36 -1
0.45747 3 0 38 42 36 -1
0.457496 2 0 40 38 36 -1
0.45753 3 0 40 38 36 -1
0.45756 2 0 31 36 -1 -1
0.457595 3 0 31 36 -1 -1
0.457626 2 0 38 36 37 -1
0.457656 3 0 38 36 37 -1
0.45768 2 0 39 41 -1 -1
0.457711 3 0 39 41 -1 -1
0.457735 2 0 39 38 -1 -1
0.457758 3 0 39 38 -1 -1
0.457785 2 0 30 36 37 -1
0.457812 3 0 30 36 37 -1
0.457839 2 0 40 38 41 -1
0.457869 3 0 40 38 41 -1
0.457896 2 0 41 36 41 -1
0.457922 3 0 41 36 41 -1
0.457958 2 0 0 35 41 39
0.457994 3 0 0 35 41 39
0.458022 2 0 57 31 39 38
0.458056 2 0 15 35 39 38
0.458091 3 0 15 35 39 38
0.458122 3 0 57 31 39 38
0.458154 2 0 30 37 38 -1
0.458187 3 0 30 37 38 -1
0.458215 2 0 43 38 36 40
0.458242 3 0 43 38 36 40
0.458273 2 0 0 35 40 36
0.458304 3 0 0 35 40 36
0.45833 2 0 57 31 36 39
0.458362 2 0 15 35 36 39
0.458397 3 0 15 35 36 39
0.458427 3 0 57 31 36 39
0.458458 2 0 30 40 39 -1
0.45849 3 0 30 40 39 -1
0.458515 2 0 30 39 39 -1
0.458542 3 0 30 39 39 -1
0.458568 2 0 40 41 33 -1
0.458601 3 0 40 41 33 -1
0.458625 2 0 40 40 33 -1
0.458652 3 0 40 40 33 -1
0.458676 2 0 43 39 40 36
0.458699 3 0 43 39 40 36
0.45872 2 0 31 36 -1 -1
0.45875 3 0 31 36 -1 -1
0.45878 2 0 30 36 37 -1
0.458809 3 0 30 36 37 -1
0.458833 2 0 40 38 41 -1
0.458862 3 0 40 38 41 -1
0.458886 2 0 41 36 41 -1
0.458911 3 0 41 36 41 -1
0.458945 2 0 0 35 41 39
0.45898 3 0 0 35 41 39
0.459008 2 0 57 31 39 38
0.45904 2 0 15 35 39 38
0.459076 3 0 15 35 39 38
0.459106 3 0 57 31 39 38
0.459137 2 0 30 37 38 -1
0.45917 3 0 30 37 38 -1
0.459194 2 0 43 38 36 40
0.459217 3 0 43 38 36 40
0.459249 2 0 0 35 40 36
0.45928 3 0 0 35 40 36
0.459306 2 0 57 31 36 39
0.459338 2 0 15 35 36 39
0.459373 3 0 15 35 36 39
0.459403 3 0 57 31 36 39
0.459435 2 0 30 40 39 -1
0.459467 3 0 30 40 39 -1
0.459491 2 0 30 39 39 -1
0.459518 3 0 30 39 39 -1
0.459542 2 0 40 41 33 -1
0.459574 3 0 40 41 33 -1
0.459597 2 0 40 40 33 -1
0.459624 3 0 40 40 33 -1
0.459647 2 0 43 39 40 36
0.45967 3 0 43 39 40 36
0.459691 2 0 31 36 -1 -1
0.459722 3 0 31 36 -1 -1
0.459761 3 0 55 29 32 33
0.459824 3 0 57 19 25 28
0.459861 2 0 71 18 -1 -1
0.459898 2 0 30 27 28 -1
0.460002 3 0 30 27 28 -1
0.460037 2 0 40 27 28 -1
0.460073 3 0 40 27 28 -1
0.460096 3 0 71 18 -1 -1
0.460125 2 0 31 28 -1 -1
0.460209 3 0 31 28 -1 -1
0.460248 2 0 37 28 -1 -1
0.460282 3 0 37 28 -1 -1
0.460327 2 0 39 24 -1 -1
0.460355 3 0 39 24 -1 -1
0.460381 2 0 48 24 27 -1
0.460409 3 0 48 24 27 -1
0.460435 2 0 40 24 4 -1
0.460466 3 0 40 24 4 -1
0.460507 3 0 55 17 21 4
0.460558 2 0 38 4 23 -1
0.460596 3 0 38 4 23 -1
0.460624 2 0 61 16 20 21
0.460653 2 0 31 4 -1 -1
0.460744 3 0 31 4 -1 -1
0.460784 2 0 0 15 4 22
0.460821 3 0 0 15 4 22
0.460848 2 0 30 21 22 -1
0.460928 3 0 30 21 22 -1
0.460963 2 0 38 4 22 -1
0.460995 3 0 38 4 22 -1
0.46102 2 0 40 20 22 -1
0.461053 3 0 40 20 22 -1
0.461079 2 0 62 16 22 12
0.461122 2 0 73 11 22 5
0.461156 3 0 73 11 22 5
0.461193 2 0 74 11 22 5
0.46122 3 0 74 11 22 5
0.46127 3 0 62 16 22 12
0.461652 2 0 31 12 -1 -1
0.461769 3 0 31 12 -1 -1
0.461809 2 0 38 20 22 -1
0.461843 3 0 38 20 22 -1
0.461869 2 0 40 4 22 -1
0.461903 3 0 40 4 22 -1
0.461929 2 0 62 16 22 12
0.461967 2 0 73 11 22 5
0.462001 3 0 73 11 22 5
0.462039 2 0 74 11 22 5
0.462066 3 0 74 11 22 5
0.462112 3 0 62 16 22 12
0.462141 2 0 31 12 -1 -1
0.462226 3 0 31 12 -1 -1
0.462266 2 0 38 22 4 -1
0.4623 3 0 38 22 4 -1
0.462326 3 0 61 16 20 21
0.462358 2 0 31 4 -1 -1
0.462439 3 0 31 4 -1 -1
0.462484 2 0 63 16 4 15
0.46253 2 0 24 15 -1 -1
0.462572 3 0 24 15 -1 -1
0.462599 2 0 24 15 -1 -1
0.462634 3 0 24 15 -1 -1
0.46266 2 0 24 15 -1 -1
0.462694 3 0 24 15 -1 -1
0.462718 2 0 24 15 -1 -1
0.462751 3 0 24 15 -1 -1
0.462776 2 0 24 15 -1 -1
0.462809 3 0 24 15 -1 -1
0.462832 2 0 24 15 -1 -1
0.462866 3 0 24 15 -1 -1
0.462889 2 0 24 15 -1 -1
0.462923 3 0 24 15 -1 -1
0.462947 2 0 24 15 -1 -1
0.46298 3 0 24 15 -1 -1
0.463003 2 0 24 15 -1 -1
0.463037 3 0 24 15 -1 -1
0.46306 2 0 24 15 -1 -1
0.463094 3 0 24 15 -1 -1
0.463117 2 0 24 15 -1 -1
0.46315 3 0 24 15 -1 -1
0.463175 2 0 1 15 -1 -1
0.463197 3 0 1 15 -1 -1
0.46322 2 0 2 15 -1 -1
0.463305 3 0 2 15 -1 -1
0.463373 3 0 63 16 4 15
0.463418 2 0 55 17 12 20
0.463458 2 0 58 17 12 20
0.463496 2 0 56 19 -1 -1
0.463554 2 0 70 15 34 34
0.46363 2 0 19 35 -1 -1
0.46366 3 0 19 35 -1 -1
0.463718 2 0 1 35 -1 -1
0.463741 3 0 1 35 -1 -1
0.463765 2 0 2 35 -1 -1
0.463844 3 0 2 35 -1 -1
0.46392 3 0 70 15 34 34
0.463967 2 0 58 29 32 33
0.46401 2 0 56 31 -1 -1
0.464031 3 0 56 31 -1 -1
0.464051 3 0 58 29 32 33
0.464084 3 0 56 19 -1 -1
0.464109 3 0 58 17 12 20
0.464147 2 0 39 20 -1 -1
0.464177 3 0 39 20 -1 -1
0.464207 2 0 57 19 12 26
0.464252 2 0 55 29 32 33
0.464304 2 0 57 31 32 42
0.464342 2 0 15 35 32 42
0.46439 3 0 15 35 32 42
0.464422 3 0 57 31 32 42
0.464461 2 0 0 35 33 39
0.464497 3 0 0 35 33 39
0.464524 2 0 57 31 39 38
0.464556 2 0 15 35 39 38
0.464591 3 0 15 35 39 38
0.464622 3 0 57 31 39 38
0.464658 2 0 38 42 36 -1
0.464694 3 0 38 42 36 -1
0.464718 2 0 40 38 36 -1
0.464751 3 0 40 38 36 -1
0.464782 2 0 31 36 -1 -1
0.464817 3 0 31 36 -1 -1
0.46485 2 0 38 36 37 -1
0.46488 3 0 38 36 37 -1
0.464904 2 0 39 41 -1 -1
0.464932 3 0 39 41 -1 -1
0.464956 2 0 39 38 -1 -1
0.46498 3 0 39 38 -1 -1
0.465006 2 0 30 36 37 -1
0.465035 3 0 30 36 37 -1
0.465061 2 0 40 38 41 -1
0.465092 3 0 40 38 41 -1
0.465119 2 0 41 36 41 -1
0.465146 3 0 41 36 41 -1
0.465182 2 0 0 35 41 39
0.465217 3 0 0 35 41 39
0.465245 2 0 57 31 39 38
0.465277 2 0 15 35 39 38
0.465312 3 0 15 35 39 38
0.465342 3 0 57 31 39 38
0.465375 2 0 30 37 38 -1
0.465406 3 0 30 37 38 -1
0.465433 2 0 43 38 36 40
0.465461 3 0 43 38 36 40
0.465492 2 0 0 35 40 36
0.465523 3 0 0 35 40 36
0.465549 2 0 57 31 36 39
0.46558 2 0 15 35 36 39
0.465615 3 0 15 35 36 39
0.465644 3 0 57 31 36 39
0.465676 2 0 30 40 39 -1
0.465708 3 0 30 40 39 -1
0.465732 2 0 30 39 39 -1
0.46576 3 0 30 39 39 -1
0.465785 2 0 40 41 33 -1
0.465817 3 0 40 41 33 -1
0.465841 2 0 40 40 33 -1
0.465868 3 0 40 40 33 -1
0.466098 2 0 43 39 40 36
0.46613 3 0 43 39 40 36
0.466152 2 0 31 36 -1 -1
0.466186 3 0 31 36 -1 -1
0.46622 2 0 30 36 37 -1
0.46625 3 0 30 36 37 -1
0.466276 2 0 40 38 41 -1
0.466308 3 0 40 38 41 -1
0.466698 2 0 41 36 41 -1
0.466737 3 0 41 36 41 -1
0.466776 2 0 0 35 41 39
0.466815 3 0 0 35 41 39
0.466843 2 0 57 31 39 38
0.466876 2 0 15 35 39 38
0.466914 3 0 15 35 39 38
0.466946 3 0 57 31 39 38
0.46698 2 0 30 37 38 -1
0.467015 3 0 30 37 38 -1
0.467041 2 0 43 38 36 40
0.467069 3 0 43 38 36 40
0.4671 2 0 0 35 40 36
0.467131 3 0 0 35 40 36
0.467159 2 0 57 31 36 39
0.467192 2 0 15 35 36 39
0.467228 3 0 15 35 36 39
0.467259 3 0 57 31 36 39
0.467292 2 0 30 40 39 -1
0.467324 3 0 30 40 39 -1
0.467349 2 0 30 39 39 -1
0.467378 3 0 30 39 39 -1
0.467405 2 0 40 41 33 -1
0.467443 3 0 40 41 33 -1
0.467467 2 0 40 40 33 -1
0.467495 3 0 40 40 33 -1
0.46752 2 0 43 39 40 36
0.467543 3 0 43 39 40 36
0.467565 2 0 31 36 -1 -1
0.467595 3 0 31 36 -1 -1
0.467639 3 0 55 29 32 33
0.467705 3 0 57 19 12 26
0.467741 2 0 38 26 27 -1
0.467776 3 0 38 26 27 -1
0.467807 2 0 31 27 -1 -1
0.467909 3 0 31 27 -1 -1
0.467946 2 0 37 27 -1 -1
0.46798 3 0 37 27 -1 -1
0.468018 2 0 0 15 27 25
0.468054 3 0 0 15 27 25
0.46808 2 0 57 19 25 28
0.468122 2 0 55 29 32 33
0.468178 2 0 57 31 32 42
0.468217 2 0 15 35 32 42
0.468262 3 0 15 35 32 42
0.468295 3 0 57 31 32 42
0.468333 2 0 0 35 33 39
0.468367 3 0 0 35 33 39
0.468393 2 0 57 31 39 38
0.468426 2 0 15 35 39 38
0.46846 3 0 15 35 39 38
0.46849 3 0 57 31 39 38
0.468523 2 0 38 42 36 -1
0.468559 3 0 38 42 36 -1
0.468584 2 0 40 38 36 -1
0.468618 3 0 40 38 36 -1
0.468646 2 0 31 36 -1 -1
0.468679 3 0 31 36 -1 -1
0.468709 2 0 38 36 37 -1
0.468739 3 0 38 36 37 -1
0.468763 2 0 39 41 -1 -1
0.468793 3 0 39 41 -1 -1
0.468817 2 0 39 38 -1 -1
0.46884 3 0 39 38 -1 -1
0.468867 2 0 30 36 37 -1
0.468895 3 0 30 36 37 -1
0.468921 2 0 40 38 41 -1
0.468951 3 0 40 38 41 -1
0.468977 2 0 41 36 41 -1
0.469004 3 0 41 36 41 -1
0.469039 2 0 0 35 41 39
0.469074 3 0 0 35 41 39
0.469102 2 0 57 31 39 38
0.469136 2 0 15 35 39 38
0.469174 3 0 15 35 39 38
0.469204 3 0 57 31 39 38
0.469236 2 0 30 37 38 -1
0.469268 3 0 30 37 38 -1
0.469294 2 0 43 38 36 40
0.469319 3 0 43 38 36 40
0.46935 2 0 0 35 40 36
0.469381 3 0 0 35 40 36
0.469407 2 0 57 31 36 39
0.469442 2 0 15 35 36 39
0.469477 3 0 15 35 36 39
0.469509 3 0 57 31 36 39
0.46954 2 0 30 40 39 -1
0.469572 3 0 30 40 39 -1
0.469597 2 0 30 39 39 -1
0.469624 3 0 30 39 39 -1
0.469649 2 0 40 41 33 -1
0.469682 3 0 40 41 33 -1
0.469707 2 0 40 40 33 -1
0.469736 3 0 40 40 33 -1
0.46976 2 0 43 39 40 36
0.469783 3 0 43 39 40 36
0.469804 2 0 31 36 -1 -1
0.469835 3 0 31 36 -1 -1
0.469865 2 0 30 36 37 -1
0.469894 3 0 30 36 37 -1
0.469919 2 0 40 38 41 -1
0.469949 3 0 40 38 41 -1
0.469973 2 0 41 36 41 -1
0.469997 3 0 41 36 41 -1
0.470032 2 0 0 35 41 39
0.470066 3 0 0 35 41 39
0.470095 2 0 57 31 39 38
0.470129 2 0 15 35 39 38
0.470164 3 0 15 35 39 38
0.470195 3 0 57 31 39 38
0.470227 2 0 30 37 38 -1
0.470259 3 0 30 37 38 -1
0.470284 2 0 43 38 36 40
0.470307 3 0 43 38 36 40
0.470338 2 0 0 35 40 36
0.470368 3 0 0 35 40 36
0.470394 2 0 57 31 36 39
0.470427 2 0 15 35 36 39
0.470464 3 0 15 35 36 39
0.470494 3 0 57 31 36 39
0.470525 2 0 30 40 39 -1
0.470557 3 0 30 40 39 -1
0.470582 2 0 30 39 39 -1
0.47061 3 0 30 39 39 -1
0.470634 2 0 40 41 33 -1
0.470666 3 0 40 41 33 -1
0.470692 2 0 40 40 33 -1
0.47072 3 0 40 40 33 -1
0.470745 2 0 43 39 40 36
0.470768 3 0 43 39 40 36
0.47079 2 0 31 36 -1 -1
0.47082 3 0 31 36 -1 -1
0.470858 3 0 55 29 32 33
0.470915 3 0 57 19 25 28
0.470953 2 0 71 18 -1 -1
0.470987 2 0 30 27 28 -1
0.471088 3 0 30 27 28 -1
0.471126 2 0 40 27 28 -1
0.471162 3 0 40 27 28 -1
0.471185 3 0 71 18 -1 -1
0.471215 2 0 31 28 -1 -1
0.471296 3 0 31 28 -1 -1
0.471337 2 0 37 28 -1 -1
0.47137 3 0 37 28 -1 -1
0.471415 2 0 39 24 -1 -1
0.471445 3 0 39 24 -1 -1
0.471473 2 0 48 24 27 -1
0.471502 3 0 48 24 27 -1
0.471528 2 0 40 24 20 -1
0.47156 3 0 40 24 20 -1
0.471605 3 0 55 17 12 20
0.471658 2 0 38 20 23 -1
0.471695 3 0 38 20 23 -1
0.471722 2 0 61 16 4 12
0.471752 2 0 31 20 -1 -1
0.47184 3 0 31 20 -1 -1
0.471882 2 0 0 15 20 22
0.471919 3 0 0 15 20 22
0.471947 2 0 30 12 22 -1
0.472031 3 0 30 12 22 -1
0.472068 2 0 38 20 22 -1
0.472101 3 0 38 20 22 -1
0.472126 2 0 40 4 22 -1
0.472159 3 0 40 4 22 -1
0.472186 2 0 62 16 22 21
0.472226 2 0 73 11 22 5
0.47226 3 0 73 11 22 5
0.472296 2 0 74 11 22 5
0.472322 3 0 74 11 22 5
0.472371 3 0 62 16 22 21
0.472401 2 0 31 21 -1 -1
0.472487 3 0 31 21 -1 -1
0.472524 2 0 38 22 20 -1
0.472557 3 0 38 22 20 -1
0.472583 3 0 61 16 4 12
0.472616 2 0 31 20 -1 -1
0.472699 3 0 31 20 -1 -1
0.472744 2 0 63 16 20 15
0.472788 2 0 24 15 -1 -1
0.472828 3 0 24 15 -1 -1
0.472856 2 0 24 15 -1 -1
0.47289 3 0 24 15 -1 -1
0.472914 2 0 24 15 -1 -1
0.472947 3 0 24 15 -1 -1
0.472971 2 0 24 15 -1 -1
0.473005 3 0 24 15 -1 -1
0.473029 2 0 24 15 -1 -1
0.473063 3 0 24 15 -1 -1
0.473087 2 0 24 15 -1 -1
0.47312 3 0 24 15 -1 -1
0.473144 2 0 24 15 -1 -1
0.473178 3 0 24 15 -1 -1
0.473201 2 0 24 15 -1 -1
0.473234 3 0 24 15 -1 -1
0.473258 2 0 24 15 -1 -1
0.473291 3 0 24 15 -1 -1
0.473314 2 0 24 15 -1 -1
0.473347 3 0 24 15 -1 -1
0.473371 2 0 24 15 -1 -1
0.473404 3 0 24 15 -1 -1
0.473428 2 0 1 15 -1 -1
0.47345 3 0 1 15 -1 -1
0.473473 2 0 2 15 -1 -1
0.473558 3 0 2 15 -1 -1
0.473624 3 0 63 16 20 15
0.473665 2 0 55 17 21 4
0.473704 2 0 58 17 21 4
0.473742 2 0 56 19 -1 -1
0.473799 2 0 70 15 34 34
0.473872 2 0 19 35 -1 -1
0.473904 3 0 19 35 -1 -1
0.473959 2 0 1 35 -1 -1
0.473983 3 0 1 35 -1 -1
0.474007 2 0 2 35 -1 -1
0.474087 3 0 2 35 -1 -1
0.474161 3 0 70 15 34 34
0.474203 2 0 58 29 32 33
0.474246 2 0 56 31 -1 -1
0.474268 3 0 56 31 -1 -1
0.474288 3 0 58 29 32 33
0.474321 3 0 56 19 -1 -1
0.474346 3 0 58 17 21 4
0.474384 2 0 39 4 -1 -1
0.474412 3 0 39 4 -1 -1
0.47444 2 0 57 19 21 26
0.474485 2 0 55 29 32 33
0.474539 2 0 57 31 32 42
0.474577 2 0 15 35 32 42
0.474621 3 0 15 35 32 42
0.474652 3 0 57 31 32 42
0.474692 2 0 0 35 33 39
0.474728 3 0 0 35 33 39
0.474754 2 0 57 31 39 38
0.474786 2 0 15 35 39 38
0.474822 3 0 15 35 39 38
0.474851 3 0 57 31 39 38
0.474884 2 0 38 42 36 -1
0.478808 3 0 38 42 36 -1
0.478858 2 0 40 38 36 -1
0.478898 3 0 40 38 36 -1
0.478931 2 0 31 36 -1 -1
0.478969 3 0 31 36 -1 -1
0.479003 2 0 38 36 37 -1
0.479036 3 0 38 36 37 -1
0.479062 2 0 39 41 -1 -1
0.479091 3 0 39 41 -1 -1
0.479115 2 0 39 38 -1 -1
0.479139 3 0 39 38 -1 -1
0.479167 2 0 30 36 37 -1
0.479195 3 0 30 36 37 -1
0.479221 2 0 40 38 41 -1
0.479251 3 0 40 38 41 -1
0.479279 2 0 41 36 41 -1
0.479652 3 0 41 36 41 -1
0.479706 2 0 0 35 41 39
0.479748 3 0 0 35 41 39
0.479777 2 0 57 31 39 38
0.47981 2 0 15 35 39 38
0.479849 3 0 15 35 39 38
0.47988 3 0 57 31 39 38
0.479914 2 0 30 37 38 -1
0.479949 3 0 30 37 38 -1
0.479977 2 0 43 38 36 40
0.480005 3 0 43 38 36 40
0.480036 2 0 0 35 40 36
0.480068 3 0 0 35 40 36
0.480094 2 0 57 31 36 39
0.480126 2 0 15 35 36 39
0.48016 3 0 15 35 36 39
0.48019 3 0 57 31 36 39
0.480223 2 0 30 40 39 -1
0.480256 3 0 30 40 39 -1
0.480281 2 0 30 39 39 -1
0.480309 3 0 30 39 39 -1
0.480337 2 0 40 41 33 -1
0.480373 3 0 40 41 33 -1
0.480399 2 0 40 40 33 -1
0.480427 3 0 40 40 33 -1
0.480452 2 0 43 39 40 36
0.480475 3 0 43 39 40 36
0.480497 2 0 31 36 -1 -1
0.480527 3 0 31 36 -1 -1
0.48056 2 0 30 36 37 -1
0.480588 3 0 30 36 37 -1
0.480613 2 0 40 38 41 -1
0.480644 3 0 40 38 41 -1
0.480671 2 0 41 36 41 -1
0.480695 3 0 41 36 41 -1
0.480729 2 0 0 35 41 39
0.480763 3 0 0 35 41 39
0.480791 2 0 57 31 39 38
0.480825 2 0 15 35 39 38
0.48086 3 0 15 35 39 38
0.48089 3 0 57 31 39 38
0.480921 2 0 30 37 38 -1
0.480954 3 0 30 37 38 -1
0.480979 2 0 43 38 36 40
0.481003 3 0 43 38 36 40
0.481033 2 0 0 35 40 36
0.481064 3 0 0 35 40 36
0.48109 2 0 57 31 36 39
0.481122 2 0 15 35 36 39
0.481156 3 0 15 35 36 39
0.481186 3 0 57 31 36 39
0.481218 2 0 30 40 39 -1
0.481249 3 0 30 40 39 -1
0.481273 2 0 30 39 39 -1
0.481301 3 0 30 39 39 -1
0.481325 2 0 40 41 33 -1
0.481358 3 0 40 41 33 -1
0.481383 2 0 40 40 33 -1
0.48141 3 0 40 40 33 -1
0.481434 2 0 43 39 40 36
0.481458 3 0 43 39 40 36
0.48148 2 0 31 36 -1 -1
0.48151 3 0 31 36 -1 -1
0.481553 3 0 55 29 32 33
0.481618 3 0 57 19 21 26
0.481658 2 0 38 26 27 -1
0.481694 3 0 38 26 27 -1
0.481724 2 0 31 27 -1 -1
0.481827 3 0 31 27 -1 -1
0.481864 2 0 37 27 -1 -1
0.481897 3 0 37 27 -1 -1
0.481937 2 0 0 15 27 25
0.481973 3 0 0 15 27 25
0.481999 2 0 57 19 25 28
0.482041 2 0 55 29 32 33
0.4821 2 0 57 31 32 42
0.482138 2 0 15 35 32 42
0.482182 3 0 15 35 32 42
0.482214 3 0 57 31 32 42
0.482253 2 0 0 35 33 39
0.482287 3 0 0 35 33 39
0.482314 2 0 57 31 39 38
0.482347 2 0 15 35 39 38
0.482382 3 0 15 35 39 38
0.482412 3 0 57 31 39 38
0.482444 2 0 38 42 36 -1
0.48248 3 0 38 42 36 -1
0.482505 2 0 40 38 36 -1
0.482538 3 0 40 38 36 -1
0.482567 2 0 31 36 -1 -1
0.482599 3 0 31 36 -1 -1
0.482631 2 0 38 36 37 -1
0.482661 3 0 38 36 37 -1
0.482685 2 0 39 41 -1 -1
0.482715 3 0 39 41 -1 -1
0.48274 2 0 39 38 -1 -1
0.482763 3 0 39 38 -1 -1
0.482789 2 0 30 36 37 -1
0.482817 3 0 30 36 37 -1
0.482843 2 0 40 38 41 -1
0.482872 3 0 40 38 41 -1
0.482899 2 0 41 36 41 -1
0.482925 3 0 41 36 41 -1
0.482962 2 0 0 35 41 39
0.482995 3 0 0 35 41 39
0.483023 2 0 57 31 39 38
0.483056 2 0 15 35 39 38
0.483091 3 0 15 35 39 38
0.483122 3 0 57 31 39 38
0.483154 2 0 30 37 38 -1
0.483186 3 0 30 37 38 -1
0.483213 2 0 43 38 36 40
0.483238 3 0 43 38 36 40
0.48327 2 0 0 35 40 36
0.483301 3 0 0 35 40 36
0.483326 2 0 57 31 36 39
0.483358 2 0 15 35 36 39
0.483392 3 0 15 35 36 39
0.483422 3 0 57 31 36 39
0.483453 2 0 30 40 39 -1
0.483486 3 0 30 40 39 -1
0.48351 2 0 30 39 39 -1
0.483538 3 0 30 39 39 -1
0.483563 2 0 40 41 33 -1
0.483595 3 0 40 41 33 -1
0.483619 2 0 40 40 33 -1
0.483645 3 0 40 40 33 -1
0.483669 2 0 43 39 40 36
0.484056 3 0 43 39 40 36
0.484094 2 0 31 36 -1 -1
0.48413 3 0 31 36 -1 -1
0.484165 2 0 30 36 37 -1
0.484195 3 0 30 36 37 -1
0.484222 2 0 40 38 41 -1
0.484257 3 0 40 38 41 -1
0.484284 2 0 41 36 41 -1
0.484309 3 0 41 36 41 -1
0.484347 2 0 0 35 41 39
0.484386 3 0 0 35 41 39
0.484416 2 0 57 31 39 38
0.48445 2 0 15 35 39 38
0.484486 3 0 15 35 39 38
0.484517 3 0 57 31 39 38
0.484549 2 0 30 37 38 -1
0.48458 3 0 30 37 38 -1
0.484606 2 0 43 38 36 40
0.484629 3 0 43 38 36 40
0.484659 2 0 0 35 40 36
0.48469 3 0 0 35 40 36
0.484716 2 0 57 31 36 39
0.484748 2 0 15 35 36 39
0.484782 3 0 15 35 36 39
0.484812 3 0 57 31 36 39
0.484842 2 0 30 40 39 -1
0.484875 3 0 30 40 39 -1
0.484899 2 0 30 39 39 -1
0.484927 3 0 30 39 39 -1
0.484953 2 0 40 41 33 -1
0.484985 3 0 40 41 33 -1
0.48501 2 0 40 40 33 -1
0.485037 3 0 40 40 33 -1
0.485061 2 0 43 39 40 36
0.485084 3 0 43 39 40 36
0.485105 2 0 31 36 -1 -1
0.485135 3 0 31 36 -1 -1
0.485176 3 0 55 29 32 33
0.485238 3 0 57 19 25 28
0.485276 2 0 71 18 -1 -1
0.485311 2 0 30 27 28 -1
0.485418 3 0 30 27 28 -1
0.485455 2 0 40 27 28 -1
0.485495 3 0 40 27 28 -1
0.485521 3 0 71 18 -1 -1
0.485552 2 0 31 28 -1 -1
0.485633 3 0 31 28 -1 -1
0.485673 2 0 37 28 -1 -1
0.485706 3 0 37 28 -1 -1
0.485753 2 0 39 24 -1 -1
0.485783 3 0 39 24 -1 -1
0.485809 2 0 48 24 27 -1
0.485837 3 0 48 24 27 -1
0.485863 2 0 40 24 4 -1
0.486038 3 0 40 24 4 -1
0.486086 3 0 55 17 21 4
0.486144 2 0 38 4 23 -1
0.486182 3 0 38 4 23 -1
0.486209 2 0 61 16 20 21
0.486239 2 0 31 4 -1 -1
0.486333 3 0 31 4 -1 -1
0.486372 2 0 0 15 4 22
0.486411 3 0 0 15 4 22
0.486438 2 0 30 21 22 -1
0.48652 3 0 30 21 22 -1
0.486557 2 0 38 4 22 -1
0.486589 3 0 38 4 22 -1
0.486613 2 0 40 20 22 -1
0.486646 3 0 40 20 22 -1
0.486672 2 0 62 16 22 12
0.486713 2 0 73 11 22 5
0.486748 3 0 73 11 22 5
0.486785 2 0 74 11 22 5
0.486812 3 0 74 11 22 5
0.486861 3 0 62 16 22 12
0.486893 2 0 31 12 -1 -1
0.48698 3 0 31 12 -1 -1
0.487018 2 0 38 22 4 -1
0.487052 3 0 38 22 4 -1
0.487079 3 0 61 16 20 21
0.487111 2 0 31 4 -1 -1
0.487193 3 0 31 4 -1 -1
0.487236 2 0 63 16 4 15
0.487281 2 0 24 15 -1 -1
0.487321 3 0 24 15 -1 -1
0.48735 2 0 24 15 -1 -1
0.487383 3 0 24 15 -1 -1
0.487408 2 0 24 15 -1 -1
0.487441 3 0 24 15 -1 -1
0.487465 2 0 24 15 -1 -1
0.487498 3 0 24 15 -1 -1
0.487522 2 0 24 15 -1 -1
0.487555 3 0 24 15 -1 -1
0.487579 2 0 24 15 -1 -1
0.487612 3 0 24 15 -1 -1
0.487635 2 0 24 15 -1 -1
0.487669 3 0 24 15 -1 -1
0.487692 2 0 24 15 -1 -1
0.487726 3 0 24 15 -1 -1
0.487749 2 0 24 15 -1 -1
0.487783 3 0 24 15 -1 -1
0.487806 2 0 24 15 -1 -1
0.487841 3 0 24 15 -1 -1
0.487864 2 0 24 15 -1 -1
0.487898 3 0 24 15 -1 -1
0.487922 2 0 1 15 -1 -1
0.487943 3 0 1 15 -1 -1
0.487967 2 0 2 15 -1 -1
0.488056 3 0 2 15 -1 -1
0.488123 3 0 63 16 4 15
0.488165 2 0 55 17 12 20
0.488205 2 0 58 17 12 20
0.488244 2 0 56 19 -1 -1
0.488302 2 0 70 15 34 34
0.488379 2 0 19 35 -1 -1
0.488411 3 0 19 35 -1 -1
0.488469 2 0 1 35 -1 -1
0.488492 3 0 1 35 -1 -1
0.488516 2 0 2 35 -1 -1
0.4886 3 0 2 35 -1 -1
0.488679 3 0 70 15 34 34
0.488724 2 0 58 29 32 33
0.488768 2 0 56 31 -1 -1
0.48879 3 0 56 31 -1 -1
0.48881 3 0 58 29 32 33
0.488843 3 0 56 19 -1 -1
0.488871 3 0 58 17 12 20
0.488911 2 0 39 20 -1 -1
0.489301 3 0 39 20 -1 -1
0.48935 2 0 57 19 12 26
0.4894 2 0 55 29 32 33
0.489461 2 0 57 31 32 42
0.489501 2 0 15 35 32 42
0.489547 3 0 15 35 32 42
0.48958 3 0 57 31 32 42
0.489619 2 0 0 35 33 39
0.489657 3 0 0 35 33 39
0.489684 2 0 57 31 39 38
0.489716 2 0 15 35 39 38
0.489751 3 0 15 35 39 38
0.489781 3 0 57 31 39 38
0.489814 2 0 38 42 36 -1
0.489853 3 0 38 42 36 -1
0.489878 2 0 40 38 36 -1
0.489912 3 0 40 38 36 -1
0.489943 2 0 31 36 -1 -1
0.489977 3 0 31 36 -1 -1
0.490009 2 0 38 36 37 -1
0.490038 3 0 38 36 37 -1
0.490063 2 0 39 41 -1 -1
0.49009 3 0 39 41 -1 -1
0.490114 2 0 39 38 -1 -1
0.490137 3 0 39 38 -1 -1
0.490163 2 0 30 36 37 -1
0.490191 3 0 30 36 37 -1
0.490217 2 0 40 38 41 -1
0.490248 3 0 40 38 41 -1
0.490274 2 0 41 36 41 -1
0.490302 3 0 41 36 41 -1
0.490338 2 0 0 35 41 39
0.490374 3 0 0 35 41 39
0.490403 2 0 57 31 39 38
0.490435 2 0 15 35 39 38
0.490471 3 0 15 35 39 38
0.490501 3 0 57 31 39 38
0.490532 2 0 30 37 38 -1
0.490565 3 0 30 37 38 -1
0.490592 2 0 43 38 36 40
0.49062 3 0 43 38 36 40
0.490651 2 0 0 35 40 36
0.490682 3 0 0 35 40 36
0.490708 2 0 57 31 36 39
0.49074 2 0 15 35 36 39
0.490775 3 0 15 35 36 39
0.490805 3 0 57 31 36 39
0.490837 2 0 30 40 39 -1
0.490869 3 0 30 40 39 -1
0.490894 2 0 30 39 39 -1
0.490922 3 0 30 39 39 -1
0.490947 2 0 40 41 33 -1
0.490979 3 0 40 41 33 -1
0.491003 2 0 40 40 33 -1
0.491031 3 0 40 40 33 -1
0.491055 2 0 43 39 40 36
0.491079 3 0 43 39 40 36
0.4911 2 0 31 36 -1 -1
0.49113 3 0 31 36 -1 -1
0.49116 2 0 30 36 37 -1
0.491189 3 0 30 36 37 -1
0.491214 2 0 40 38 41 -1
0.491243 3 0 40 38 41 -1
0.491267 2 0 41 36 41 -1
0.491292 3 0 41 36 41 -1
0.491326 2 0 0 35 41 39
0.491359 3 0 0 35 41 39
0.491386 2 0 57 31 39 38
0.491417 2 0 15 35 39 38
0.491452 3 0 15 35 39 38
0.491482 3 0 57 31 39 38
0.491514 2 0 30 37 38 -1
0.491546 3 0 30 37 38 -1
0.49157 2 0 43 38 36 40
0.491594 3 0 43 38 36 40
0.491625 2 0 0 35 40 36
0.491655 3 0 0 35 40 36
0.491681 2 0 57 31 36 39
0.491713 2 0 15 35 36 39
0.491748 3 0 15 35 36 39
0.491778 3 0 57 31 36 39
0.49181 2 0 30 40 39 -1
0.491842 3 0 30 40 39 -1
0.491867 2 0 30 39 39 -1
0.491894 3 0 30 39 39 -1
0.491918 2 0 40 41 33 -1
0.49195 3 0 40 41 33 -1
0.491975 2 0 40 40 33 -1
0.492003 3 0 40 40 33 -1
0.492027 2 0 43 39 40 36
0.49205 3 0 43 39 40 36
0.492072 2 0 31 36 -1 -1
0.492102 3 0 31 36 -1 -1
0.49214 3 0 55 29 32 33
0.492201 3 0 57 19 12 26
0.492236 2 0 38 26 27 -1
0.492271 3 0 38 26 27 -1
0.492301 2 0 31 27 -1 -1
0.492402 3 0 31 27 -1 -1
0.492441 2 0 37 27 -1 -1
0.492476 3 0 37 27 -1 -1
0.492513 2 0 0 15 27 25
0.492549 3 0 0 15 27 25
0.492575 2 0 57 19 25 28
0.492615 2 0 55 29 32 33
0.492669 2 0 57 31 32 42
0.492706 2 0 15 35 32 42
0.492749 3 0 15 35 32 42
0.492782 3 0 57 31 32 42
0.492821 2 0 0 35 33 39
0.492855 3 0 0 35 33 39
0.492881 2 0 57 31 39 38
0.492914 2 0 15 35 39 38
0.492949 3 0 15 35 39 38
0.49298 3 0 57 31 39 38
0.493013 2 0 38 42 36 -1
0.493049 3 0 38 42 36 -1
0.493074 2 0 40 38 36 -1
0.493107 3 0 40 38 36 -1
0.493138 2 0 31 36 -1 -1
0.493173 3 0 31 36 -1 -1
0.493204 2 0 38 36 37 -1
0.493235 3 0 38 36 37 -1
0.493259 2 0 39 41 -1 -1
0.493289 3 0 39 41 -1 -1
0.493312 2 0 39 38 -1 -1
0.493335 3 0 39 38 -1 -1
0.493362 2 0 30 36 37 -1
0.493751 3 0 30 36 37 -1
0.493795 2 0 40 38 41 -1
0.493832 3 0 40 38 41 -1
0.49386 2 0 41 36 41 -1
0.493887 3 0 41 36 41 -1
0.493923 2 0 0 35 41 39
0.493959 3 0 0 35 41 39
0.493988 2 0 57 31 39 38
0.494021 2 0 15 35 39 38
0.49406 3 0 15 35 39 38
0.494091 3 0 57 31 39 38
0.494125 2 0 30 37 38 -1
0.494158 3 0 30 37 38 -1
0.494185 2 0 43 38 36 40
0.494212 3 0 43 38 36 40
0.494243 2 0 0 35 40 36
0.494274 3 0 0 35 40 36
0.4943 2 0 57 31 36 39
0.494333 2 0 15 35 36 39
0.49437 3 0 15 35 36 39
0.4944 3 0 57 31 36 39
0.494431 2 0 30 40 39 -1
0.494464 3 0 30 40 39 -1
0.494489 2 0 30 39 39 -1
0.494516 3 0 30 39 39 -1
0.494541 2 0 40 41 33 -1
0.494575 3 0 40 41 33 -1
0.494599 2 0 40 40 33 -1
0.494627 3 0 40 40 33 -1
0.494651 2 0 43 39 40 36
0.494674 3 0 43 39 40 36
0.494696 2 0 31 36 -1 -1
0.494726 3 0 31 36 -1 -1
0.494759 2 0 30 36 37 -1
0.494788 3 0 30 36 37 -1
0.494813 2 0 40 38 41 -1
0.494842 3 0 40 38 41 -1
0.494866 2 0 41 36 41 -1
0.49489 3 0 41 36 41 -1
0.494925 2 0 0 35 41 39
0.49496 3 0 0 35 41 39
0.494988 2 0 57 31 39 38
0.495022 2 0 15 35 39 38
0.495057 3 0 15 35 39 38
0.495088 3 0 57 31 39 38
0.495119 2 0 30 37 38 -1
0.495152 3 0 30 37 38 -1
0.495176 2 0 43 38 36 40
0.4952 3 0 43 38 36 40
0.49523 2 0 0 35 40 36
0.495261 3 0 0 35 40 36
0.495287 2 0 57 31 36 39
0.495319 2 0 15 35 36 39
0.495354 3 0 15 35 36 39
0.495384 3 0 57 31 36 39
0.495415 2 0 30 40 39 -1
0.495447 3 0 30 40 39 -1
0.495471 2 0 30 39 39 -1
0.495498 3 0 30 39 39 -1
0.495522 2 0 40 41 33 -1
0.495555 3 0 40 41 33 -1
0.49558 2 0 40 40 33 -1
0.495607 3 0 40 40 33 -1
0.49563 2 0 43 39 40 36
0.495653 3 0 43 39 40 36
0.495675 2 0 31 36 -1 -1
0.495705 3 0 31 36 -1 -1
0.495747 3 0 55 29 32 33
0.495812 3 0 57 19 25 28
0.49585 2 0 71 18 -1 -1
0.495988 2 0 30 27 28 -1
0.496105 3 0 30 27 28 -1
0.496143 2 0 40 27 28 -1
0.496183 3 0 40 27 28 -1
0.496208 3 0 71 18 -1 -1
0.496238 2 0 31 28 -1 -1
0.496317 3 0 31 28 -1 -1
0.496381 2 0 39 24 -1 -1
0.496412 3 0 39 24 -1 -1
0.496438 2 0 48 24 27 -1
0.496467 3 0 48 24 27 -1
0.496494 2 0 40 24 20 -1
0.496527 3 0 40 24 20 -1
0.496569 3 0 55 17 12 20
0.496623 2 0 38 20 23 -1
0.496662 3 0 38 20 23 -1
0.496692 2 0 61 16 4 12
0.496722 2 0 31 20 -1 -1
0.496811 3 0 31 20 -1 -1
0.496852 2 0 0 15 20 22
0.496893 3 0 0 15 20 22
0.496921 2 0 30 12 22 -1
0.497007 3 0 30 12 22 -1
0.497043 2 0 38 20 22 -1
0.497075 3 0 38 20 22 -1
0.497101 2 0 40 4 22 -1
0.497134 3 0 40 4 22 -1
0.497159 2 0 62 16 22 21
0.497202 2 0 73 11 22 5
0.497238 3 0 73 11 22 5
0.497277 2 0 74 11 22 5
0.497303 3 0 74 11 22 5
0.497353 3 0 62 16 22 21
0.497385 2 0 31 21 -1 -1
0.497474 3 0 31 21 -1 -1
0.497511 2 0 38 22 20 -1
0.497544 3 0 38 22 20 -1
0.497569 3 0 61 16 4 12
0.4976 2 0 31 20 -1 -1
0.497683 3 0 31 20 -1 -1
0.497727 2 0 63 16 20 15
0.497772 2 0 24 15 -1 -1
0.497814 3 0 24 15 -1 -1
0.497841 2 0 24 15 -1 -1
0.497875 3 0 24 15 -1 -1
0.4979 2 0 24 15 -1 -1
0.497933 3 0 24 15 -1 -1
0.497957 2 0 24 15 -1 -1
0.497991 3 0 24 15 -1 -1
0.498016 2 0 24 15 -1 -1
0.498049 3 0 24 15 -1 -1
0.498072 2 0 24 15 -1 -1
0.498106 3 0 24 15 -1 -1
0.49813 2 0 24 15 -1 -1
0.498164 3 0 24 15 -1 -1
0.498187 2 0 24 15 -1 -1
0.498221 3 0 24 15 -1 -1
0.498245 2 0 24 15 -1 -1
0.498637 3 0 24 15 -1 -1
0.49868 2 0 24 15 -1 -1
0.498716 3 0 24 15 -1 -1
0.49874 2 0 24 15 -1 -1
0.498773 3 0 24 15 -1 -1
0.498799 2 0 1 15 -1 -1
0.49882 3 0 1 15 -1 -1
0.498844 2 0 2 15 -1 -1
0.498946 3 0 2 15 -1 -1
0.499015 3 0 63 16 20 15
0.499057 2 0 55 17 21 4
0.499097 2 0 58 17 21 4
0.499133 2 0 56 19 -1 -1
0.499191 2 0 70 15 34 34
0.499266 2 0 19 35 -1 -1
0.499298 3 0 19 35 -1 -1
0.499358 2 0 1 35 -1 -1
0.499382 3 0 1 35 -1 -1
0.499406 2 0 2 35 -1 -1
0.499489 3 0 2 35 -1 -1
0.499566 3 0 70 15 34 34
0.499608 2 0 58 29 32 33
0.49965 2 0 56 31 -1 -1
0.499671 3 0 56 31 -1 -1
0.499691 3 0 58 29 32 33
0.499723 3 0 56 19 -1 -1
0.499747 3 0 58 17 21 4
0.499784 2 0 39 4 -1 -1
0.499815 3 0 39 4 -1 -1
0.499844 2 0 57 19 21 26
0.499889 2 0 55 29 32 33
0.499943 2 0 57 31 32 42
0.499983 2 0 15 35 32 42
0.500028 3 0 15 35 32 42
0.500059 3 0 57 31 32 42
0.500098 2 0 0 35 33 39
0.500136 3 0 0 35 33 39
0.500163 2 0 57 31 39 38
0.500195 2 0 15 35 39 38
0.500231 3 0 15 35 39 38
0.500261 3 0 57 31 39 38
0.500294 2 0 38 42 36 -1
0.500331 3 0 38 42 36 -1
0.500356 2 0 40 38 36 -1
0.500389 3 0 40 38 36 -1
0.50042 2 0 31 36 -1 -1
0.500454 3 0 31 36 -1 -1
0.500485 2 0 38 36 37 -1
0.500514 3 0 38 36 37 -1
0.500538 2 0 39 41 -1 -1
0.500566 3 0 39 41 -1 -1
0.500589 2 0 39 38 -1 -1
0.500613 3 0 39 38 -1 -1
0.500639 2 0 30 36 37 -1
0.500667 3 0 30 36 37 -1
0.500694 2 0 40 38 41 -1
0.500724 3 0 40 38 41 -1
0.50075 2 0 41 36 41 -1
0.500778 3 0 41 36 41 -1
0.500814 2 0 0 35 41 39
0.500847 3 0 0 35 41 39
0.500876 2 0 57 31 39 38
0.500909 2 0 15 35 39 38
0.500946 3 0 15 35 39 38
0.500977 3 0 57 31 39 38
0.501008 2 0 30 37 38 -1
0.501041 3 0 30 37 38 -1
0.501068 2 0 43 38 36 40
0.501095 3 0 43 38 36 40
0.501126 2 0 0 35 40 36
0.501157 3 0 0 35 40 36
0.501183 2 0 57 31 36 39
0.501214 2 0 15 35 36 39
0.501249 3 0 15 35 36 39
0.501278 3 0 57 31 36 39
0.501309 2 0 30 40 39 -1
0.501341 3 0 30 40 39 -1
0.501366 2 0 30 39 39 -1
0.501395 3 0 30 39 39 -1
0.501422 2 0 40 41 33 -1
0.501457 3 0 40 41 33 -1
0.501482 2 0 40 40 33 -1
0.501509 3 0 40 40 33 -1
0.501534 2 0 43 39 40 36
0.501558 3 0 43 39 40 36
0.501579 2 0 31 36 -1 -1
0.501609 3 0 31 36 -1 -1
0.501639 2 0 30 36 37 -1
0.501669 3 0 30 36 37 -1
0.501694 2 0 40 38 41 -1
0.501723 3 0 40 38 41 -1
0.501747 2 0 41 36 41 -1
0.501771 3 0 41 36 41 -1
0.501806 2 0 0 35 41 39
0.50184 3 0 0 35 41 39
0.501868 2 0 57 31 39 38
0.501901 2 0 15 35 39 38
0.501937 3 0 15 35 39 38
0.501967 3 0 57 31 39 38
0.501999 2 0 30 37 38 -1
0.502031 3 0 30 37 38 -1
0.502055 2 0 43 38 36 40
0.502078 3 0 43 38 36 40
0.50211 2 0 0 35 40 36
0.502143 3 0 0 35 40 36
0.502169 2 0 57 31 36 39
0.502201 2 0 15 35 36 39
0.502236 3 0 15 35 36 39
0.502266 3 0 57 31 36 39
0.502297 2 0 30 40 39 -1
0.502329 3 0 30 40 39 -1
0.502353 2 0 30 39 39 -1
0.502381 3 0 30 39 39 -1
0.502405 2 0 40 41 33 -1
0.502438 3 0 40 41 33 -1
0.502462 2 0 40 40 33 -1
0.50249 3 0 40 40 33 -1
0.502515 2 0 43 39 40 36
0.502538 3 0 43 39 40 36
0.50256 2 0 31 36 -1 -1
0.50259 3 0 31 36 -1 -1
0.502629 3 0 55 29 32 33
0.502689 3 0 57 19 21 26
0.502724 2 0 38 26 27 -1
0.50276 3 0 38 26 27 -1
0.502792 2 0 31 27 -1 -1
0.502891 3 0 31 27 -1 -1
0.502929 2 0 37 27 -1 -1
0.503329 3 0 37 27 -1 -1
0.503388 2 0 0 15 27 25
0.503427 3 0 0 15 27 25
0.503454 2 0 57 19 25 28
0.503497 2 0 55 29 32 33
0.503555 2 0 57 31 32 42
0.503594 2 0 15 35 32 42
0.50364 3 0 15 35 32 42
0.503673 3 0 57 31 32 42
0.503711 2 0 0 35 33 39
0.503746 3 0 0 35 33 39
0.503772 2 0 57 31 39 38
0.503805 2 0 15 35 39 38
0.50384 3 0 15 35 39 38
0.503872 3 0 57 31 39 38
0.503905 2 0 38 42 36 -1
0.503941 3 0 38 42 36 -1
0.503967 2 0 40 38 36 -1
0.504 3 0 40 38 36 -1
0.50403 2 0 31 36 -1 -1
0.504064 3 0 31 36 -1 -1
0.504095 2 0 38 36 37 -1
0.504125 3 0 38 36 37 -1
0.50415 2 0 39 41 -1 -1
0.504179 3 0 39 41 -1 -1
0.504203 2 0 39 38 -1 -1
0.504227 3 0 39 38 -1 -1
0.504253 2 0 30 36 37 -1
0.504281 3 0 30 36 37 -1
0.504307 2 0 40 38 41 -1
0.504337 3 0 40 38 41 -1
0.504363 2 0 41 36 41 -1
0.50439 3 0 41 36 41 -1
0.504426 2 0 0 35 41 39
0.504462 3 0 0 35 41 39
0.504491 2 0 57 31 39 38
0.504524 2 0 15 35 39 38
0.504559 3 0 15 35 39 38
0.50459 3 0 57 31 39 38
0.504622 2 0 30 37 38 -1
0.504654 3 0 30 37 38 -1
0.504682 2 0 43 38 36 40
0.504709 3 0 43 38 36 40
0.50474 2 0 0 35 40 36
0.504772 3 0 0 35 40 36
0.504798 2 0 57 31 36 39
0.504829 2 0 15 35 36 39
0.504864 3 0 15 35 36 39
0.504894 3 0 57 31 36 39
0.504926 2 0 30 40 39 -1
0.504957 3 0 30 40 39 -1
0.504982 2 0 30 39 39 -1
0.505009 3 0 30 39 39 -1
0.505034 2 0 40 41 33 -1
0.505067 3 0 40 41 33 -1
0.505091 2 0 40 40 33 -1
0.505119 3 0 40 40 33 -1
0.505143 2 0 43 39 40 36
0.505166 3 0 43 39 40 36
0.505187 2 0 31 36 -1 -1
0.505217 3 0 31 36 -1 -1
0.505247 2 0 30 36 37 -1
0.505277 3 0 30 36 37 -1
0.505301 2 0 40 38 41 -1
0.505331 3 0 40 38 41 -1
0.505355 2 0 41 36 41 -1
0.50538 3 0 41 36 41 -1
0.505414 2 0 0 35 41 39
0.505449 3 0 0 35 41 39
0.505476 2 0 57 31 39 38
0.505509 2 0 15 35 39 38
0.505546 3 0 15 35 39 38
0.505576 3 0 57 31 39 38
0.505608 2 0 30 37 38 -1
0.505641 3 0 30 37 38 -1
0.505665 2 0 43 38 36 40
0.505688 3 0 43 38 36 40
0.505719 2 0 0 35 40 36
0.505749 3 0 0 35 40 36
0.505775 2 0 57 31 36 39
0.505807 2 0 15 35 36 39
0.505842 3 0 15 35 36 39
0.505968 3 0 57 31 36 39
0.506017 2 0 30 40 39 -1
0.506058 3 0 30 40 39 -1
0.506084 2 0 30 39 39 -1
0.506111 3 0 30 39 39 -1
0.506136 2 0 40 41 33 -1
0.506169 3 0 40 41 33 -1
0.506195 2 0 40 40 33 -1
0.506222 3 0 40 40 33 -1
0.506246 2 0 43 39 40 36
0.506271 3 0 43 39 40 36
0.506293 2 0 31 36 -1 -1
0.506323 3 0 31 36 -1 -1
0.506364 3 0 55 29 32 33
0.506427 3 0 57 19 25 28
0.506464 2 0 71 18 -1 -1
0.5065 2 0 30 27 28 -1
0.506608 3 0 30 27 28 -1
0.506644 2 0 40 27 28 -1
0.506681 3 0 40 27 28 -1
0.506705 3 0 71 18 -1 -1
0.506735 2 0 31 28 -1 -1
0.506814 3 0 31 28 -1 -1
0.506876 2 0 39 24 -1 -1
0.506908 3 0 39 24 -1 -1
0.506935 2 0 48 24 27 -1
0.506964 3 0 48 24 27 -1
0.50699 2 0 40 24 4 -1
0.507023 3 0 40 24 4 -1
0.507063 3 0 55 17 21 4
0.507115 2 0 38 4 23 -1
0.507151 3 0 38 4 23 -1
0.507178 2 0 61 16 20 21
0.507207 2 0 31 4 -1 -1
0.507296 3 0 31 4 -1 -1
0.507337 2 0 0 15 4 22
0.507375 3 0 0 15 4 22
0.507402 2 0 30 21 22 -1
0.507486 3 0 30 21 22 -1
0.50752 2 0 38 4 22 -1
0.507555 3 0 38 4 22 -1
0.507581 2 0 40 20 22 -1
0.507615 3 0 40 20 22 -1
0.507642 2 0 62 16 22 12
0.507685 2 0 73 11 22 5
0.507722 3 0 73 11 22 5
0.508125 2 0 74 11 22 5
0.508163 3 0 74 11 22 5
0.508215 3 0 62 16 22 12
0.508246 2 0 31 12 -1 -1
0.508349 3 0 31 12 -1 -1
0.508387 2 0 38 22 4 -1
0.508422 3 0 38 22 4 -1
0.508447 3 0 61 16 20 21
0.508478 2 0 31 4 -1 -1
0.508558 3 0 31 4 -1 -1
0.508605 3 0 60 16 -1 -1
0.510475 1 2 1 4 -1 -1
0.51059 1 2 0 5 -1 -1
0.510697 1 2 1 12 -1 -1
0.510799 1 2 1 14 -1 -1
0.510905 1 2 1 13 -1 -1
0.511018 1 4 1 15 -1 -1
0.511141 1 2 1 20 -1 -1
0.511242 1 2 1 21 -1 -1
0.511338 1 2 1 22 -1 -1
0.511434 1 2 1 23 -1 -1
0.511594 1 2 1 24 -1 -1
0.511701 1 2 1 25 -1 -1
0.511801 1 2 1 26 -1 -1
0.511899 1 2 1 27 -1 -1
0.511996 1 2 1 28 -1 -1
0.512081 1 7 3 18 -1 -1
0.512281 1 2 0 36 -1 -1
0.512381 1 2 0 37 -1 -1
0.512473 1 2 0 38 -1 -1
0.512558 1 2 0 39 -1 -1
0.512643 1 2 0 40 -1 -1
0.51273 1 2 0 41 -1 -1
0.513033 1 2 0 42 -1 -1
0.513116 1 7 5 30 -1 -1
0.513245 1 8 2 31 -1 -1
0.513363 1 9 0 29 -1 -1
0.513562 1 4 1 35 -1 -1
0.513738 1 2 0 32 -1 -1
0.513833 1 2 0 33 -1 -1
0.513968 1 1 2 34 -1 -1
0.514148 1 8 5 19 -1 -1
0.514264 1 9 0 17 -1 -1
0.514376 1 12 0 16 -1 -1
0.514494 1 13 0 3 -1 -1
0.514559 1 3 0 8 -1 -1
0.514721 1 3 0 11 -1 -1
0.514913 1 0 1 0 -1 -1
0.51502 1 0 1 1 -1 -1
0.515132 1 0 2 2 -1 -1
-1 0
File: stderr
No Name
-1 0
File: stdout
No Name
-1 0
File: stdout
No Name
-1 212
No Info
No Name
3 432
Length=5
Approximate Solu
3 232
Length=5
No Name
3 116
No Info
No Name
3 116
No Info
No Name
3 120
No Info
No Name
3 116
No Info
No Name
3 136
No Info
No Name
3 292
No Info
No Name
-1 432
Length=5
No Name
-1 432
Length=5
No Name
-1 432
Length=5
Exact Solution
-1 612
Rows=5, Cols=5, NZ=11
No Name
-1 32
No Info
No Name
16 0
No Info
No Name
17 2572
No Info
No Name
17 24
No Info
No Name
16 432
Length=5
No Name
16 432
Length=5
No Name
16 432
Length=5
No Name
16 432
Length=5
No Name
18 432
Length=5
No Name
18 432
Length=5
No Name
18 432
Length=5
No Name
18 432
Length=5
No Name
18 432
Length=5
No Name
19 0
No Info
No Name
29 96
No Info
No Name
29 0
No Info
No Name
19 232
Length=5
No Name
19 232
Length=5
No Name
19 116
No Info
No Name
19 588
Rows=5, Cols=5, NZ=11
No Name
30 232
Length=5
No Name
30 232
Length=5
No Name
30 232
Length=5
No Name
30 232
Length=5
No Name
30 232
Length=5
No Name
30 232
Length=5
No Name
30 232
Length=5
No Name
0               72             1224       0.00248051           493448
1               12                0       0.00030899                0
2               12                0        0.0226709                0
3                0                0                0                0
4                0                0                0                0
5                0                0                0                0
6                0                0                0                0
7                0                0                0                0
8                0                0                0                0
9                0                0                0                0
10                0                0                0                0
11                0                0                0                0
12                0                0                0                0
13                0                0                0                0
14                0                0                0                0
15               72                0       0.00270879                0
16                0                0                0                0
17                0                0                0                0
18                0                0                0                0
19                5                0      0.000164151                0
20                0                0                0                0
21                0                0                0                0
22                0                0                0                0
23                0                0                0                0
24               66                0        0.0131052                0
25                0                0                0                0
26                0                0                0                0
27                0                0                0                0
28                0                0                0                0
29                0                0                0                0
30              108              972       0.00441682           220068
31               70              664       0.00424123           156558
32                0                0                0                0
33                0                0                0                0
34                0                0                0                0
35                0                0                0                0
36                0                0                0                0
37               10               50      0.000702024          71222.7
38               50                0        0.0159649                0
39               37                0       0.00139034                0
40              104             1040        0.0140685          73924.1
41               24              240      0.000977755           245460
42                0                0                0                0
43               48              480       0.00154161           311362
44                0                0                0                0
45                0                0                0                0
46                0                0                0                0
47                0                0                0                0
48                6               60      0.000172019           348799
49                0                0                0                0
50                0                0                0                0
51                0                0                0                0
52                0                0                0                0
53                0                0                0                0
54                0                0                0                0
55                6             4274         0.132311          32302.7
56                6                0        0.0388941                0
57               12             3768        0.0839022          44909.4
58                6                0        0.0402439                0
59                0                0                0                0
60                1             4730         0.212293          22280.5
61                6              376       0.00686979          54732.4
62                9                0         0.012908                0
63                6                0        0.0590509                0
64                0                0                0                0
65                0                0                0                0
66                0                0                0                0
67                0                0                0                0
68                0                0                0                0
69                0                0                0                0
70                6                0       0.00243902                0
71                6              114       0.00154793          73646.6
72                0                0                0                0
73                9                0      0.000322938                0
74                9                0       0.00041914                0
75                0                0                0                0
76                0                0                0                0
77                0                0                0                0
78                0                0                0                0
79                0                0                0                0
80                0                0                0                0
81                0                0                0                0
82                0                0                0                0
83                0                0                0                0
84                0                0                0                0
85                0                0                0                0
86                0                0                0                0
87                0                0                0                0
88                0                0                0                0
89                0                0                0                0
90                0                0                0                0
91                0                0                0                0
92                0                0                0                0
93                0                0                0                0
94                0                0                0                0
95                0                0                0                0
96                0                0                0                0
97                0                0                0                0
98                0                0                0                0
99                0                0                0                0
Total Flops   4.730000e+03   5.15269995e-01
