View the vector b, bc appliedProcessor [0]
0
0
0.0625
0.0625
0
0
0
0
0.125
0.125
0
0
0.1875
0.1875
0
0
0.25
0.25
0
0
0.3125
0.3125
0
0
0.375
0.375
0
0
0.4375
0.4375
0
0
0.5
0.5
0
0
0.5625
0.5625
0
0
0.625
0.625
0
0
0.6875
0.6875
0
0
0.75
0.75
0
0
0.8125
0.8125
0
0
0.875
0.875
0
0
0.9375
0.9375
0
0
1
1
1
1
0
0
0
0
0
0
0
0
0
0
0
0
0
0
0
0
0
0
0
0
0
0
0
0
0
0
0
0
0
0
0
0
1
1
0
0
0
0
0
0
0
0
0
0
0
0
0
0
0
0
0
0
0
0
0
0
0
0
0
0
0
0
0
0
0
0
1
1
0
0
0
0
0
0
0
0
0
0
0
0
0
0
0
0
0
0
0
0
0
0
0
0
0
0
0
0
0
0
0
0
1
1
0
0
0
0
0
0
0
0
0
0
0
0
0
0
0
0
0
0
0
0
0
0
0
0
0
0
0
0
0
0
0
0
1
1
0
0
0
0
0
0
0
0
0
0
0
0
0
0
0
0
0
0
0
0
0
0
0
0
0
0
0
0
0
0
0
0
1
1
0
0
0
0
0
0
0
0
0
0
0
0
0
0
0
0
0
0
0
0
0
0
0
0
0
0
0
0
0
0
0
0
1
1
0
0
0
0
0
0
0
0
0
0
0
0
0
0
0
0
0
0
0
0
0
0
0
0
0
0
0
0
0
0
0
0
1
1
0
0
0
0
0
0
0
0
0
0
0
0
0
0
0
0
0
0
0
0
0
0
0
0
0
0
0
0
0
0
0
0
1
1
0
0
0
0
0
0
0
0
0
0
0
0
0
0
0
0
0
0
0
0
0
0
0
0
0
0
0
0
0
0
0
0
1
1
0
0
0
0
0
0
0
0
0
0
0
0
0
0
0
0
0
0
0
0
0
0
0
0
0
0
0
0
0
0
0
0
1
1
0
0
0
0
0
0
0
0
0
0
0
0
0
0
0
0
0
0
0
0
0
0
0
0
0
0
0
0
0
0
0
0
1
1
0
0
0
0
0
0
0
0
0
0
0
0
0
0
0
0
0
0
0
0
0
0
0
0
0
0
0
0
0
0
0
0
1
1
0
0
0
0
0
0
0
0
0
0
0
0
0
0
0
0
0
0
0
0
0
0
0
0
0
0
0
0
0
0
0
0
1
1
0
0
0
0
0
0
0
0
0
0
0
0
0
0
0
0
0
0
0
0
0
0
0
0
0
0
0
0
0
0
0
0
1
1
0.0625
0.0625
0
0
0.125
0.125
0.1875
0.1875
0.25
0.25
0.3125
0.3125
0.375
0.375
0.4375
0.4375
0.5
0.5
0.5625
0.5625
0.625
0.625
0.6875
0.6875
0.75
0.75
0.8125
0.8125
0.875
0.875
0.9375
0.9375
1
1

view vertex_boundary_doubled IS
Number of indices in set 128
0 0
1 1
2 2
3 3
4 6
5 7
6 8
7 9
8 12
9 13
10 16
11 17
12 20
13 21
14 24
15 25
16 28
17 29
18 32
19 33
20 36
21 37
22 40
23 41
24 44
25 45
26 48
27 49
28 52
29 53
30 56
31 57
32 60
33 61
34 64
35 65
36 66
37 67
38 70
39 71
40 100
41 101
42 104
43 105
44 134
45 135
46 138
47 139
48 168
49 169
50 172
51 173
52 202
53 203
54 206
55 207
56 236
57 237
58 240
59 241
60 270
61 271
62 274
63 275
64 304
65 305
66 308
67 309
68 338
69 339
70 342
71 343
72 372
73 373
74 376
75 377
76 406
77 407
78 410
79 411
80 440
81 441
82 444
83 445
84 474
85 475
86 478
87 479
88 508
89 509
90 512
91 513
92 542
93 543
94 544
95 545
96 546
97 547
98 548
99 549
100 550
101 551
102 552
103 553
104 554
105 555
106 556
107 557
108 558
109 559
110 560
111 561
112 562
113 563
114 564
115 565
116 566
117 567
118 568
119 569
120 570
121 571
122 572
123 573
124 574
125 575
126 576
127 577
row 0: 0 1  1 0 
row 1: 0 0  1 1 
row 2: 2 1  3 0 
row 3: 2 0  3 1 
row 4: 0 -0.333333  1 0  2 -0.333333  3 0  4 2.66667  5 0  6 -0.333333  7 0  8 -0.333333  9 0  10 -0.333333  11 0  68 -0.333333  69 0  70 -0.333333  71 0  72 -0.333333  73 0 
row 5: 0 0  1 0  2 0  3 0  4 0  5 0.666667  6 0  7 -0.166667  8 0  9 0  10 0  11 0  68 0  69 -0.166667  70 0  71 -0.333333  72 0  73 0 
row 6: 6 1  7 0 
row 7: 6 0  7 1 
row 8: 8 1  9 0 
row 9: 8 0  9 1 
row 10: 2 -0.333333  3 0  4 -0.333333  5 0  8 -0.333333  9 0  10 2.66667  11 0  12 -0.333333  13 0  14 -0.333333  15 0  68 -0.333333  69 0  72 -0.333333  73 0  74 -0.333333  75 0 
row 11: 2 0  3 0  4 0  5 -0.166667  8 0  9 0  10 0  11 0.666667  12 0  13 0  14 0  15 0  68 0  69 -0.333333  72 0  73 -0.166667  74 0  75 0 
row 12: 12 1  13 0 
row 13: 12 0  13 1 
row 14: 8 -0.333333  9 0  10 -0.333333  11 0  12 -0.333333  13 0  14 2.66667  15 0  16 -0.333333  17 0  18 -0.333333  19 0  72 -0.333333  73 0  74 -0.333333  75 0  76 -0.333333  77 0 
row 15: 8 0  9 0  10 0  11 -0.166667  12 0  13 0  14 0  15 0.666667  16 0  17 0  18 0  19 0  72 0  73 -0.333333  74 0  75 -0.166667  76 0  77 0 
row 16: 16 1  17 0 
row 17: 16 0  17 1 
row 18: 12 -0.333333  13 0  14 -0.333333  15 0  16 -0.333333  17 0  18 2.66667  19 0  20 -0.333333  21 0  22 -0.333333  23 0  74 -0.333333  75 0  76 -0.333333  77 0  78 -0.333333  79 0 
row 19: 12 0  13 0  14 0  15 -0.166667  16 0  17 0  18 0  19 0.666667  20 0  21 0  22 0  23 0  74 0  75 -0.333333  76 0  77 -0.166667  78 0  79 0 
row 20: 20 1  21 0 
row 21: 20 0  21 1 
row 22: 16 -0.333333  17 0  18 -0.333333  19 0  20 -0.333333  21 0  22 2.66667  23 0  24 -0.333333  25 0  26 -0.333333  27 0  76 -0.333333  77 0  78 -0.333333  79 0  80 -0.333333  81 0 
row 23: 16 0  17 0  18 0  19 -0.166667  20 0  21 0  22 0  23 0.666667  24 0  25 0  26 0  27 0  76 0  77 -0.333333  78 0  79 -0.166667  80 0  81 0 
row 24: 24 1  25 0 
row 25: 24 0  25 1 
row 26: 20 -0.333333  21 0  22 -0.333333  23 0  24 -0.333333  25 0  26 2.66667  27 0  28 -0.333333  29 0  30 -0.333333  31 0  78 -0.333333  79 0  80 -0.333333  81 0  82 -0.333333  83 0 
row 27: 20 0  21 0  22 0  23 -0.166667  24 0  25 0  26 0  27 0.666667  28 0  29 0  30 0  31 0  78 0  79 -0.333333  80 0  81 -0.166667  82 0  83 0 
row 28: 28 1  29 0 
row 29: 28 0  29 1 
row 30: 24 -0.333333  25 0  26 -0.333333  27 0  28 -0.333333  29 0  30 2.66667  31 0  32 -0.333333  33 0  34 -0.333333  35 0  80 -0.333333  81 0  82 -0.333333  83 0  84 -0.333333  85 0 
row 31: 24 0  25 0  26 0  27 -0.166667  28 0  29 0  30 0  31 0.666667  32 0  33 0  34 0  35 0  80 0  81 -0.333333  82 0  83 -0.166667  84 0  85 0 
row 32: 32 1  33 0 
row 33: 32 0  33 1 
row 34: 28 -0.333333  29 0  30 -0.333333  31 0  32 -0.333333  33 0  34 2.66667  35 0  36 -0.333333  37 0  38 -0.333333  39 0  82 -0.333333  83 0  84 -0.333333  85 0  86 -0.333333  87 0 
row 35: 28 0  29 0  30 0  31 -0.166667  32 0  33 0  34 0  35 0.666667  36 0  37 0  38 0  39 0  82 0  83 -0.333333  84 0  85 -0.166667  86 0  87 0 
row 36: 36 1  37 0 
row 37: 36 0  37 1 
row 38: 32 -0.333333  33 0  34 -0.333333  35 0  36 -0.333333  37 0  38 2.66667  39 0  40 -0.333333  41 0  42 -0.333333  43 0  84 -0.333333  85 0  86 -0.333333  87 0  88 -0.333333  89 0 
row 39: 32 0  33 0  34 0  35 -0.166667  36 0  37 0  38 0  39 0.666667  40 0  41 0  42 0  43 0  84 0  85 -0.333333  86 0  87 -0.166667  88 0  89 0 
row 40: 40 1  41 0 
row 41: 40 0  41 1 
row 42: 36 -0.333333  37 0  38 -0.333333  39 0  40 -0.333333  41 0  42 2.66667  43 0  44 -0.333333  45 0  46 -0.333333  47 0  86 -0.333333  87 0  88 -0.333333  89 0  90 -0.333333  91 0 
row 43: 36 0  37 0  38 0  39 -0.166667  40 0  41 0  42 0  43 0.666667  44 0  45 0  46 0  47 0  86 0  87 -0.333333  88 0  89 -0.166667  90 0  91 0 
row 44: 44 1  45 0 
row 45: 44 0  45 1 
row 46: 40 -0.333333  41 0  42 -0.333333  43 0  44 -0.333333  45 0  46 2.66667  47 0  48 -0.333333  49 0  50 -0.333333  51 0  88 -0.333333  89 0  90 -0.333333  91 0  92 -0.333333  93 0 
row 47: 40 0  41 0  42 0  43 -0.166667  44 0  45 0  46 0  47 0.666667  48 0  49 0  50 0  51 0  88 0  89 -0.333333  90 0  91 -0.166667  92 0  93 0 
row 48: 48 1  49 0 
row 49: 48 0  49 1 
row 50: 44 -0.333333  45 0  46 -0.333333  47 0  48 -0.333333  49 0  50 2.66667  51 0  52 -0.333333  53 0  54 -0.333333  55 0  90 -0.333333  91 0  92 -0.333333  93 0  94 -0.333333  95 0 
row 51: 44 0  45 0  46 0  47 -0.166667  48 0  49 0  50 0  51 0.666667  52 0  53 0  54 0  55 0  90 0  91 -0.333333  92 0  93 -0.166667  94 0  95 0 
row 52: 52 1  53 0 
row 53: 52 0  53 1 
row 54: 48 -0.333333  49 0  50 -0.333333  51 0  52 -0.333333  53 0  54 2.66667  55 0  56 -0.333333  57 0  58 -0.333333  59 0  92 -0.333333  93 0  94 -0.333333  95 0  96 -0.333333  97 0 
row 55: 48 0  49 0  50 0  51 -0.166667  52 0  53 0  54 0  55 0.666667  56 0  57 0  58 0  59 0  92 0  93 -0.333333  94 0  95 -0.166667  96 0  97 0 
row 56: 56 1  57 0 
row 57: 56 0  57 1 
row 58: 52 -0.333333  53 0  54 -0.333333  55 0  56 -0.333333  57 0  58 2.66667  59 0  60 -0.333333  61 0  62 -0.333333  63 0  94 -0.333333  95 0  96 -0.333333  97 0  98 -0.333333  99 0 
row 59: 52 0  53 0  54 0  55 -0.166667  56 0  57 0  58 0  59 0.666667  60 0  61 0  62 0  63 0  94 0  95 -0.333333  96 0  97 -0.166667  98 0  99 0 
row 60: 60 1  61 0 
row 61: 60 0  61 1 
row 62: 56 -0.333333  57 0  58 -0.333333  59 0  60 -0.333333  61 0  62 2.66667  63 0  64 -0.333333  65 0  66 -0.333333  67 0  96 -0.333333  97 0  98 -0.333333  99 0  100 -0.333333  101 0 
row 63: 56 0  57 0  58 0  59 -0.166667  60 0  61 0  62 0  63 0.666667  64 0  65 0  66 0  67 0  96 0  97 -0.333333  98 0  99 -0.166667  100 0  101 0 
row 64: 64 1  65 0 
row 65: 64 0  65 1 
row 66: 66 1  67 0 
row 67: 66 0  67 1 
row 68: 4 -0.333333  5 0  6 -0.333333  7 0  10 -0.333333  11 0  68 2.66667  69 0  70 -0.333333  71 0  72 -0.333333  73 0  102 -0.333333  103 0  104 -0.333333  105 0  106 -0.333333  107 0 
row 69: 4 0  5 0  6 0  7 0  10 0  11 0  68 0  69 0.666667  70 0  71 -0.166667  72 0  73 0  102 0  103 -0.166667  104 0  105 -0.333333  106 0  107 0 
row 70: 70 1  71 0 
row 71: 70 0  71 1 
row 72: 4 -0.333333  5 0  10 -0.333333  11 0  14 -0.333333  15 0  68 -0.333333  69 0  72 2.66667  73 0  74 -0.333333  75 0  102 -0.333333  103 0  106 -0.333333  107 0  108 -0.333333  109 0 
row 73: 4 0  5 0  10 0  11 0  14 0  15 0  68 0  69 -0.166667  72 0  73 0.666667  74 0  75 0  102 0  103 -0.333333  106 0  107 -0.166667  108 0  109 0 
row 74: 10 -0.333333  11 0  14 -0.333333  15 0  18 -0.333333  19 0  72 -0.333333  73 0  74 2.66667  75 0  76 -0.333333  77 0  106 -0.333333  107 0  108 -0.333333  109 0  110 -0.333333  111 0 
row 75: 10 0  11 0  14 0  15 0  18 0  19 0  72 0  73 -0.166667  74 0  75 0.666667  76 0  77 0  106 0  107 -0.333333  108 0  109 -0.166667  110 0  111 0 
row 76: 14 -0.333333  15 0  18 -0.333333  19 0  22 -0.333333  23 0  74 -0.333333  75 0  76 2.66667  77 0  78 -0.333333  79 0  108 -0.333333  109 0  110 -0.333333  111 0  112 -0.333333  113 0 
row 77: 14 0  15 0  18 0  19 0  22 0  23 0  74 0  75 -0.166667  76 0  77 0.666667  78 0  79 0  108 0  109 -0.333333  110 0  111 -0.166667  112 0  113 0 
row 78: 18 -0.333333  19 0  22 -0.333333  23 0  26 -0.333333  27 0  76 -0.333333  77 0  78 2.66667  79 0  80 -0.333333  81 0  110 -0.333333  111 0  112 -0.333333  113 0  114 -0.333333  115 0 
row 79: 18 0  19 0  22 0  23 0  26 0  27 0  76 0  77 -0.166667  78 0  79 0.666667  80 0  81 0  110 0  111 -0.333333  112 0  113 -0.166667  114 0  115 0 
row 80: 22 -0.333333  23 0  26 -0.333333  27 0  30 -0.333333  31 0  78 -0.333333  79 0  80 2.66667  81 0  82 -0.333333  83 0  112 -0.333333  113 0  114 -0.333333  115 0  116 -0.333333  117 0 
row 81: 22 0  23 0  26 0  27 0  30 0  31 0  78 0  79 -0.166667  80 0  81 0.666667  82 0  83 0  112 0  113 -0.333333  114 0  115 -0.166667  116 0  117 0 
row 82: 26 -0.333333  27 0  30 -0.333333  31 0  34 -0.333333  35 0  80 -0.333333  81 0  82 2.66667  83 0  84 -0.333333  85 0  114 -0.333333  115 0  116 -0.333333  117 0  118 -0.333333  119 0 
row 83: 26 0  27 0  30 0  31 0  34 0  35 0  80 0  81 -0.166667  82 0  83 0.666667  84 0  85 0  114 0  115 -0.333333  116 0  117 -0.166667  118 0  119 0 
row 84: 30 -0.333333  31 0  34 -0.333333  35 0  38 -0.333333  39 0  82 -0.333333  83 0  84 2.66667  85 0  86 -0.333333  87 0  116 -0.333333  117 0  118 -0.333333  119 0  120 -0.333333  121 0 
row 85: 30 0  31 0  34 0  35 0  38 0  39 0  82 0  83 -0.166667  84 0  85 0.666667  86 0  87 0  116 0  117 -0.333333  118 0  119 -0.166667  120 0  121 0 
row 86: 34 -0.333333  35 0  38 -0.333333  39 0  42 -0.333333  43 0  84 -0.333333  85 0  86 2.66667  87 0  88 -0.333333  89 0  118 -0.333333  119 0  120 -0.333333  121 0  122 -0.333333  123 0 
row 87: 34 0  35 0  38 0  39 0  42 0  43 0  84 0  85 -0.166667  86 0  87 0.666667  88 0  89 0  118 0  119 -0.333333  120 0  121 -0.166667  122 0  123 0 
row 88: 38 -0.333333  39 0  42 -0.333333  43 0  46 -0.333333  47 0  86 -0.333333  87 0  88 2.66667  89 0  90 -0.333333  91 0  120 -0.333333  121 0  122 -0.333333  123 0  124 -0.333333  125 0 
row 89: 38 0  39 0  42 0  43 0  46 0  47 0  86 0  87 -0.166667  88 0  89 0.666667  90 0  91 0  120 0  121 -0.333333  122 0  123 -0.166667  124 0  125 0 
row 90: 42 -0.333333  43 0  46 -0.333333  47 0  50 -0.333333  51 0  88 -0.333333  89 0  90 2.66667  91 0  92 -0.333333  93 0  122 -0.333333  123 0  124 -0.333333  125 0  126 -0.333333  127 0 
row 91: 42 0  43 0  46 0  47 0  50 0  51 0  88 0  89 -0.166667  90 0  91 0.666667  92 0  93 0  122 0  123 -0.333333  124 0  125 -0.166667  126 0  127 0 
row 92: 46 -0.333333  47 0  50 -0.333333  51 0  54 -0.333333  55 0  90 -0.333333  91 0  92 2.66667  93 0  94 -0.333333  95 0  124 -0.333333  125 0  126 -0.333333  127 0  128 -0.333333  129 0 
row 93: 46 0  47 0  50 0  51 0  54 0  55 0  90 0  91 -0.166667  92 0  93 0.666667  94 0  95 0  124 0  125 -0.333333  126 0  127 -0.166667  128 0  129 0 
row 94: 50 -0.333333  51 0  54 -0.333333  55 0  58 -0.333333  59 0  92 -0.333333  93 0  94 2.66667  95 0  96 -0.333333  97 0  126 -0.333333  127 0  128 -0.333333  129 0  130 -0.333333  131 0 
row 95: 50 0  51 0  54 0  55 0  58 0  59 0  92 0  93 -0.166667  94 0  95 0.666667  96 0  97 0  126 0  127 -0.333333  128 0  129 -0.166667  130 0  131 0 
row 96: 54 -0.333333  55 0  58 -0.333333  59 0  62 -0.333333  63 0  94 -0.333333  95 0  96 2.66667  97 0  98 -0.333333  99 0  128 -0.333333  129 0  130 -0.333333  131 0  132 -0.333333  133 0 
row 97: 54 0  55 0  58 0  59 0  62 0  63 0  94 0  95 -0.166667  96 0  97 0.666667  98 0  99 0  128 0  129 -0.333333  130 0  131 -0.166667  132 0  133 0 
row 98: 58 -0.333333  59 0  62 -0.333333  63 0  66 -0.333333  67 0  96 -0.333333  97 0  98 2.66667  99 0  100 -0.333333  101 0  130 -0.333333  131 0  132 -0.333333  133 0  134 -0.333333  135 0 
row 99: 58 0  59 0  62 0  63 0  66 0  67 0  96 0  97 -0.166667  98 0  99 0.666667  100 0  101 0  130 0  131 -0.333333  132 0  133 -0.166667  134 0  135 0 
row 100: 100 1  101 0 
row 101: 100 0  101 1 
row 102: 68 -0.333333  69 0  70 -0.333333  71 0  72 -0.333333  73 0  102 2.66667  103 0  104 -0.333333  105 0  106 -0.333333  107 0  136 -0.333333  137 0  138 -0.333333  139 0  140 -0.333333  141 0 
row 103: 68 0  69 0  70 0  71 0  72 0  73 0  102 0  103 0.666667  104 0  105 -0.166667  106 0  107 0  136 0  137 -0.166667  138 0  139 -0.333333  140 0  141 0 
row 104: 104 1  105 0 
row 105: 104 0  105 1 
row 106: 68 -0.333333  69 0  72 -0.333333  73 0  74 -0.333333  75 0  102 -0.333333  103 0  106 2.66667  107 0  108 -0.333333  109 0  136 -0.333333  137 0  140 -0.333333  141 0  142 -0.333333  143 0 
row 107: 68 0  69 0  72 0  73 0  74 0  75 0  102 0  103 -0.166667  106 0  107 0.666667  108 0  109 0  136 0  137 -0.333333  140 0  141 -0.166667  142 0  143 0 
row 108: 72 -0.333333  73 0  74 -0.333333  75 0  76 -0.333333  77 0  106 -0.333333  107 0  108 2.66667  109 0  110 -0.333333  111 0  140 -0.333333  141 0  142 -0.333333  143 0  144 -0.333333  145 0 
row 109: 72 0  73 0  74 0  75 0  76 0  77 0  106 0  107 -0.166667  108 0  109 0.666667  110 0  111 0  140 0  141 -0.333333  142 0  143 -0.166667  144 0  145 0 
row 110: 74 -0.333333  75 0  76 -0.333333  77 0  78 -0.333333  79 0  108 -0.333333  109 0  110 2.66667  111 0  112 -0.333333  113 0  142 -0.333333  143 0  144 -0.333333  145 0  146 -0.333333  147 0 
row 111: 74 0  75 0  76 0  77 0  78 0  79 0  108 0  109 -0.166667  110 0  111 0.666667  112 0  113 0  142 0  143 -0.333333  144 0  145 -0.166667  146 0  147 0 
row 112: 76 -0.333333  77 0  78 -0.333333  79 0  80 -0.333333  81 0  110 -0.333333  111 0  112 2.66667  113 0  114 -0.333333  115 0  144 -0.333333  145 0  146 -0.333333  147 0  148 -0.333333  149 0 
row 113: 76 0  77 0  78 0  79 0  80 0  81 0  110 0  111 -0.166667  112 0  113 0.666667  114 0  115 0  144 0  145 -0.333333  146 0  147 -0.166667  148 0  149 0 
row 114: 78 -0.333333  79 0  80 -0.333333  81 0  82 -0.333333  83 0  112 -0.333333  113 0  114 2.66667  115 0  116 -0.333333  117 0  146 -0.333333  147 0  148 -0.333333  149 0  150 -0.333333  151 0 
row 115: 78 0  79 0  80 0  81 0  82 0  83 0  112 0  113 -0.166667  114 0  115 0.666667  116 0  117 0  146 0  147 -0.333333  148 0  149 -0.166667  150 0  151 0 
row 116: 80 -0.333333  81 0  82 -0.333333  83 0  84 -0.333333  85 0  114 -0.333333  115 0  116 2.66667  117 0  118 -0.333333  119 0  148 -0.333333  149 0  150 -0.333333  151 0  152 -0.333333  153 0 
row 117: 80 0  81 0  82 0  83 0  84 0  85 0  114 0  115 -0.166667  116 0  117 0.666667  118 0  119 0  148 0  149 -0.333333  150 0  151 -0.166667  152 0  153 0 
row 118: 82 -0.333333  83 0  84 -0.333333  85 0  86 -0.333333  87 0  116 -0.333333  117 0  118 2.66667  119 0  120 -0.333333  121 0  150 -0.333333  151 0  152 -0.333333  153 0  154 -0.333333  155 0 
row 119: 82 0  83 0  84 0  85 0  86 0  87 0  116 0  117 -0.166667  118 0  119 0.666667  120 0  121 0  150 0  151 -0.333333  152 0  153 -0.166667  154 0  155 0 
row 120: 84 -0.333333  85 0  86 -0.333333  87 0  88 -0.333333  89 0  118 -0.333333  119 0  120 2.66667  121 0  122 -0.333333  123 0  152 -0.333333  153 0  154 -0.333333  155 0  156 -0.333333  157 0 
row 121: 84 0  85 0  86 0  87 0  88 0  89 0  118 0  119 -0.166667  120 0  121 0.666667  122 0  123 0  152 0  153 -0.333333  154 0  155 -0.166667  156 0  157 0 
row 122: 86 -0.333333  87 0  88 -0.333333  89 0  90 -0.333333  91 0  120 -0.333333  121 0  122 2.66667  123 0  124 -0.333333  125 0  154 -0.333333  155 0  156 -0.333333  157 0  158 -0.333333  159 0 
row 123: 86 0  87 0  88 0  89 0  90 0  91 0  120 0  121 -0.166667  122 0  123 0.666667  124 0  125 0  154 0  155 -0.333333  156 0  157 -0.166667  158 0  159 0 
row 124: 88 -0.333333  89 0  90 -0.333333  91 0  92 -0.333333  93 0  122 -0.333333  123 0  124 2.66667  125 0  126 -0.333333  127 0  156 -0.333333  157 0  158 -0.333333  159 0  160 -0.333333  161 0 
row 125: 88 0  89 0  90 0  91 0  92 0  93 0  122 0  123 -0.166667  124 0  125 0.666667  126 0  127 0  156 0  157 -0.333333  158 0  159 -0.166667  160 0  161 0 
row 126: 90 -0.333333  91 0  92 -0.333333  93 0  94 -0.333333  95 0  124 -0.333333  125 0  126 2.66667  127 0  128 -0.333333  129 0  158 -0.333333  159 0  160 -0.333333  161 0  162 -0.333333  163 0 
row 127: 90 0  91 0  92 0  93 0  94 0  95 0  124 0  125 -0.166667  126 0  127 0.666667  128 0  129 0  158 0  159 -0.333333  160 0  161 -0.166667  162 0  163 0 
row 128: 92 -0.333333  93 0  94 -0.333333  95 0  96 -0.333333  97 0  126 -0.333333  127 0  128 2.66667  129 0  130 -0.333333  131 0  160 -0.333333  161 0  162 -0.333333  163 0  164 -0.333333  165 0 
row 129: 92 0  93 0  94 0  95 0  96 0  97 0  126 0  127 -0.166667  128 0  129 0.666667  130 0  131 0  160 0  161 -0.333333  162 0  163 -0.166667  164 0  165 0 
row 130: 94 -0.333333  95 0  96 -0.333333  97 0  98 -0.333333  99 0  128 -0.333333  129 0  130 2.66667  131 0  132 -0.333333  133 0  162 -0.333333  163 0  164 -0.333333  165 0  166 -0.333333  167 0 
row 131: 94 0  95 0  96 0  97 0  98 0  99 0  128 0  129 -0.166667  130 0  131 0.666667  132 0  133 0  162 0  163 -0.333333  164 0  165 -0.166667  166 0  167 0 
row 132: 96 -0.333333  97 0  98 -0.333333  99 0  100 -0.333333  101 0  130 -0.333333  131 0  132 2.66667  133 0  134 -0.333333  135 0  164 -0.333333  165 0  166 -0.333333  167 0  168 -0.333333  169 0 
row 133: 96 0  97 0  98 0  99 0  100 0  101 0  130 0  131 -0.166667  132 0  133 0.666667  134 0  135 0  164 0  165 -0.333333  166 0  167 -0.166667  168 0  169 0 
row 134: 134 1  135 0 
row 135: 134 0  135 1 
row 136: 102 -0.333333  103 0  104 -0.333333  105 0  106 -0.333333  107 0  136 2.66667  137 0  138 -0.333333  139 0  140 -0.333333  141 0  170 -0.333333  171 0  172 -0.333333  173 0  174 -0.333333  175 0 
row 137: 102 0  103 0  104 0  105 0  106 0  107 0  136 0  137 0.666667  138 0  139 -0.166667  140 0  141 0  170 0  171 -0.166667  172 0  173 -0.333333  174 0  175 0 
row 138: 138 1  139 0 
row 139: 138 0  139 1 
row 140: 102 -0.333333  103 0  106 -0.333333  107 0  108 -0.333333  109 0  136 -0.333333  137 0  140 2.66667  141 0  142 -0.333333  143 0  170 -0.333333  171 0  174 -0.333333  175 0  176 -0.333333  177 0 
row 141: 102 0  103 0  106 0  107 0  108 0  109 0  136 0  137 -0.166667  140 0  141 0.666667  142 0  143 0  170 0  171 -0.333333  174 0  175 -0.166667  176 0  177 0 
row 142: 106 -0.333333  107 0  108 -0.333333  109 0  110 -0.333333  111 0  140 -0.333333  141 0  142 2.66667  143 0  144 -0.333333  145 0  174 -0.333333  175 0  176 -0.333333  177 0  178 -0.333333  179 0 
row 143: 106 0  107 0  108 0  109 0  110 0  111 0  140 0  141 -0.166667  142 0  143 0.666667  144 0  145 0  174 0  175 -0.333333  176 0  177 -0.166667  178 0  179 0 
row 144: 108 -0.333333  109 0  110 -0.333333  111 0  112 -0.333333  113 0  142 -0.333333  143 0  144 2.66667  145 0  146 -0.333333  147 0  176 -0.333333  177 0  178 -0.333333  179 0  180 -0.333333  181 0 
row 145: 108 0  109 0  110 0  111 0  112 0  113 0  142 0  143 -0.166667  144 0  145 0.666667  146 0  147 0  176 0  177 -0.333333  178 0  179 -0.166667  180 0  181 0 
row 146: 110 -0.333333  111 0  112 -0.333333  113 0  114 -0.333333  115 0  144 -0.333333  145 0  146 2.66667  147 0  148 -0.333333  149 0  178 -0.333333  179 0  180 -0.333333  181 0  182 -0.333333  183 0 
row 147: 110 0  111 0  112 0  113 0  114 0  115 0  144 0  145 -0.166667  146 0  147 0.666667  148 0  149 0  178 0  179 -0.333333  180 0  181 -0.166667  182 0  183 0 
row 148: 112 -0.333333  113 0  114 -0.333333  115 0  116 -0.333333  117 0  146 -0.333333  147 0  148 2.66667  149 0  150 -0.333333  151 0  180 -0.333333  181 0  182 -0.333333  183 0  184 -0.333333  185 0 
row 149: 112 0  113 0  114 0  115 0  116 0  117 0  146 0  147 -0.166667  148 0  149 0.666667  150 0  151 0  180 0  181 -0.333333  182 0  183 -0.166667  184 0  185 0 
row 150: 114 -0.333333  115 0  116 -0.333333  117 0  118 -0.333333  119 0  148 -0.333333  149 0  150 2.66667  151 0  152 -0.333333  153 0  182 -0.333333  183 0  184 -0.333333  185 0  186 -0.333333  187 0 
row 151: 114 0  115 0  116 0  117 0  118 0  119 0  148 0  149 -0.166667  150 0  151 0.666667  152 0  153 0  182 0  183 -0.333333  184 0  185 -0.166667  186 0  187 0 
row 152: 116 -0.333333  117 0  118 -0.333333  119 0  120 -0.333333  121 0  150 -0.333333  151 0  152 2.66667  153 0  154 -0.333333  155 0  184 -0.333333  185 0  186 -0.333333  187 0  188 -0.333333  189 0 
row 153: 116 0  117 0  118 0  119 0  120 0  121 0  150 0  151 -0.166667  152 0  153 0.666667  154 0  155 0  184 0  185 -0.333333  186 0  187 -0.166667  188 0  189 0 
row 154: 118 -0.333333  119 0  120 -0.333333  121 0  122 -0.333333  123 0  152 -0.333333  153 0  154 2.66667  155 0  156 -0.333333  157 0  186 -0.333333  187 0  188 -0.333333  189 0  190 -0.333333  191 0 
row 155: 118 0  119 0  120 0  121 0  122 0  123 0  152 0  153 -0.166667  154 0  155 0.666667  156 0  157 0  186 0  187 -0.333333  188 0  189 -0.166667  190 0  191 0 
row 156: 120 -0.333333  121 0  122 -0.333333  123 0  124 -0.333333  125 0  154 -0.333333  155 0  156 2.66667  157 0  158 -0.333333  159 0  188 -0.333333  189 0  190 -0.333333  191 0  192 -0.333333  193 0 
row 157: 120 0  121 0  122 0  123 0  124 0  125 0  154 0  155 -0.166667  156 0  157 0.666667  158 0  159 0  188 0  189 -0.333333  190 0  191 -0.166667  192 0  193 0 
row 158: 122 -0.333333  123 0  124 -0.333333  125 0  126 -0.333333  127 0  156 -0.333333  157 0  158 2.66667  159 0  160 -0.333333  161 0  190 -0.333333  191 0  192 -0.333333  193 0  194 -0.333333  195 0 
row 159: 122 0  123 0  124 0  125 0  126 0  127 0  156 0  157 -0.166667  158 0  159 0.666667  160 0  161 0  190 0  191 -0.333333  192 0  193 -0.166667  194 0  195 0 
row 160: 124 -0.333333  125 0  126 -0.333333  127 0  128 -0.333333  129 0  158 -0.333333  159 0  160 2.66667  161 0  162 -0.333333  163 0  192 -0.333333  193 0  194 -0.333333  195 0  196 -0.333333  197 0 
row 161: 124 0  125 0  126 0  127 0  128 0  129 0  158 0  159 -0.166667  160 0  161 0.666667  162 0  163 0  192 0  193 -0.333333  194 0  195 -0.166667  196 0  197 0 
row 162: 126 -0.333333  127 0  128 -0.333333  129 0  130 -0.333333  131 0  160 -0.333333  161 0  162 2.66667  163 0  164 -0.333333  165 0  194 -0.333333  195 0  196 -0.333333  197 0  198 -0.333333  199 0 
row 163: 126 0  127 0  128 0  129 0  130 0  131 0  160 0  161 -0.166667  162 0  163 0.666667  164 0  165 0  194 0  195 -0.333333  196 0  197 -0.166667  198 0  199 0 
row 164: 128 -0.333333  129 0  130 -0.333333  131 0  132 -0.333333  133 0  162 -0.333333  163 0  164 2.66667  165 0  166 -0.333333  167 0  196 -0.333333  197 0  198 -0.333333  199 0  200 -0.333333  201 0 
row 165: 128 0  129 0  130 0  131 0  132 0  133 0  162 0  163 -0.166667  164 0  165 0.666667  166 0  167 0  196 0  197 -0.333333  198 0  199 -0.166667  200 0  201 0 
row 166: 130 -0.333333  131 0  132 -0.333333  133 0  134 -0.333333  135 0  164 -0.333333  165 0  166 2.66667  167 0  168 -0.333333  169 0  198 -0.333333  199 0  200 -0.333333  201 0  202 -0.333333  203 0 
row 167: 130 0  131 0  132 0  133 0  134 0  135 0  164 0  165 -0.166667  166 0  167 0.666667  168 0  169 0  198 0  199 -0.333333  200 0  201 -0.166667  202 0  203 0 
row 168: 168 1  169 0 
row 169: 168 0  169 1 
row 170: 136 -0.333333  137 0  138 -0.333333  139 0  140 -0.333333  141 0  170 2.66667  171 0  172 -0.333333  173 0  174 -0.333333  175 0  204 -0.333333  205 0  206 -0.333333  207 0  208 -0.333333  209 0 
row 171: 136 0  137 0  138 0  139 0  140 0  141 0  170 0  171 0.666667  172 0  173 -0.166667  174 0  175 0  204 0  205 -0.166667  206 0  207 -0.333333  208 0  209 0 
row 172: 172 1  173 0 
row 173: 172 0  173 1 
row 174: 136 -0.333333  137 0  140 -0.333333  141 0  142 -0.333333  143 0  170 -0.333333  171 0  174 2.66667  175 0  176 -0.333333  177 0  204 -0.333333  205 0  208 -0.333333  209 0  210 -0.333333  211 0 
row 175: 136 0  137 0  140 0  141 0  142 0  143 0  170 0  171 -0.166667  174 0  175 0.666667  176 0  177 0  204 0  205 -0.333333  208 0  209 -0.166667  210 0  211 0 
row 176: 140 -0.333333  141 0  142 -0.333333  143 0  144 -0.333333  145 0  174 -0.333333  175 0  176 2.66667  177 0  178 -0.333333  179 0  208 -0.333333  209 0  210 -0.333333  211 0  212 -0.333333  213 0 
row 177: 140 0  141 0  142 0  143 0  144 0  145 0  174 0  175 -0.166667  176 0  177 0.666667  178 0  179 0  208 0  209 -0.333333  210 0  211 -0.166667  212 0  213 0 
row 178: 142 -0.333333  143 0  144 -0.333333  145 0  146 -0.333333  147 0  176 -0.333333  177 0  178 2.66667  179 0  180 -0.333333  181 0  210 -0.333333  211 0  212 -0.333333  213 0  214 -0.333333  215 0 
row 179: 142 0  143 0  144 0  145 0  146 0  147 0  176 0  177 -0.166667  178 0  179 0.666667  180 0  181 0  210 0  211 -0.333333  212 0  213 -0.166667  214 0  215 0 
row 180: 144 -0.333333  145 0  146 -0.333333  147 0  148 -0.333333  149 0  178 -0.333333  179 0  180 2.66667  181 0  182 -0.333333  183 0  212 -0.333333  213 0  214 -0.333333  215 0  216 -0.333333  217 0 
row 181: 144 0  145 0  146 0  147 0  148 0  149 0  178 0  179 -0.166667  180 0  181 0.666667  182 0  183 0  212 0  213 -0.333333  214 0  215 -0.166667  216 0  217 0 
row 182: 146 -0.333333  147 0  148 -0.333333  149 0  150 -0.333333  151 0  180 -0.333333  181 0  182 2.66667  183 0  184 -0.333333  185 0  214 -0.333333  215 0  216 -0.333333  217 0  218 -0.333333  219 0 
row 183: 146 0  147 0  148 0  149 0  150 0  151 0  180 0  181 -0.166667  182 0  183 0.666667  184 0  185 0  214 0  215 -0.333333  216 0  217 -0.166667  218 0  219 0 
row 184: 148 -0.333333  149 0  150 -0.333333  151 0  152 -0.333333  153 0  182 -0.333333  183 0  184 2.66667  185 0  186 -0.333333  187 0  216 -0.333333  217 0  218 -0.333333  219 0  220 -0.333333  221 0 
row 185: 148 0  149 0  150 0  151 0  152 0  153 0  182 0  183 -0.166667  184 0  185 0.666667  186 0  187 0  216 0  217 -0.333333  218 0  219 -0.166667  220 0  221 0 
row 186: 150 -0.333333  151 0  152 -0.333333  153 0  154 -0.333333  155 0  184 -0.333333  185 0  186 2.66667  187 0  188 -0.333333  189 0  218 -0.333333  219 0  220 -0.333333  221 0  222 -0.333333  223 0 
row 187: 150 0  151 0  152 0  153 0  154 0  155 0  184 0  185 -0.166667  186 0  187 0.666667  188 0  189 0  218 0  219 -0.333333  220 0  221 -0.166667  222 0  223 0 
row 188: 152 -0.333333  153 0  154 -0.333333  155 0  156 -0.333333  157 0  186 -0.333333  187 0  188 2.66667  189 0  190 -0.333333  191 0  220 -0.333333  221 0  222 -0.333333  223 0  224 -0.333333  225 0 
row 189: 152 0  153 0  154 0  155 0  156 0  157 0  186 0  187 -0.166667  188 0  189 0.666667  190 0  191 0  220 0  221 -0.333333  222 0  223 -0.166667  224 0  225 0 
row 190: 154 -0.333333  155 0  156 -0.333333  157 0  158 -0.333333  159 0  188 -0.333333  189 0  190 2.66667  191 0  192 -0.333333  193 0  222 -0.333333  223 0  224 -0.333333  225 0  226 -0.333333  227 0 
row 191: 154 0  155 0  156 0  157 0  158 0  159 0  188 0  189 -0.166667  190 0  191 0.666667  192 0  193 0  222 0  223 -0.333333  224 0  225 -0.166667  226 0  227 0 
row 192: 156 -0.333333  157 0  158 -0.333333  159 0  160 -0.333333  161 0  190 -0.333333  191 0  192 2.66667  193 0  194 -0.333333  195 0  224 -0.333333  225 0  226 -0.333333  227 0  228 -0.333333  229 0 
row 193: 156 0  157 0  158 0  159 0  160 0  161 0  190 0  191 -0.166667  192 0  193 0.666667  194 0  195 0  224 0  225 -0.333333  226 0  227 -0.166667  228 0  229 0 
row 194: 158 -0.333333  159 0  160 -0.333333  161 0  162 -0.333333  163 0  192 -0.333333  193 0  194 2.66667  195 0  196 -0.333333  197 0  226 -0.333333  227 0  228 -0.333333  229 0  230 -0.333333  231 0 
row 195: 158 0  159 0  160 0  161 0  162 0  163 0  192 0  193 -0.166667  194 0  195 0.666667  196 0  197 0  226 0  227 -0.333333  228 0  229 -0.166667  230 0  231 0 
row 196: 160 -0.333333  161 0  162 -0.333333  163 0  164 -0.333333  165 0  194 -0.333333  195 0  196 2.66667  197 0  198 -0.333333  199 0  228 -0.333333  229 0  230 -0.333333  231 0  232 -0.333333  233 0 
row 197: 160 0  161 0  162 0  163 0  164 0  165 0  194 0  195 -0.166667  196 0  197 0.666667  198 0  199 0  228 0  229 -0.333333  230 0  231 -0.166667  232 0  233 0 
row 198: 162 -0.333333  163 0  164 -0.333333  165 0  166 -0.333333  167 0  196 -0.333333  197 0  198 2.66667  199 0  200 -0.333333  201 0  230 -0.333333  231 0  232 -0.333333  233 0  234 -0.333333  235 0 
row 199: 162 0  163 0  164 0  165 0  166 0  167 0  196 0  197 -0.166667  198 0  199 0.666667  200 0  201 0  230 0  231 -0.333333  232 0  233 -0.166667  234 0  235 0 
row 200: 164 -0.333333  165 0  166 -0.333333  167 0  168 -0.333333  169 0  198 -0.333333  199 0  200 2.66667  201 0  202 -0.333333  203 0  232 -0.333333  233 0  234 -0.333333  235 0  236 -0.333333  237 0 
row 201: 164 0  165 0  166 0  167 0  168 0  169 0  198 0  199 -0.166667  200 0  201 0.666667  202 0  203 0  232 0  233 -0.333333  234 0  235 -0.166667  236 0  237 0 
row 202: 202 1  203 0 
row 203: 202 0  203 1 
row 204: 170 -0.333333  171 0  172 -0.333333  173 0  174 -0.333333  175 0  204 2.66667  205 0  206 -0.333333  207 0  208 -0.333333  209 0  238 -0.333333  239 0  240 -0.333333  241 0  242 -0.333333  243 0 
row 205: 170 0  171 0  172 0  173 0  174 0  175 0  204 0  205 0.666667  206 0  207 -0.166667  208 0  209 0  238 0  239 -0.166667  240 0  241 -0.333333  242 0  243 0 
row 206: 206 1  207 0 
row 207: 206 0  207 1 
row 208: 170 -0.333333  171 0  174 -0.333333  175 0  176 -0.333333  177 0  204 -0.333333  205 0  208 2.66667  209 0  210 -0.333333  211 0  238 -0.333333  239 0  242 -0.333333  243 0  244 -0.333333  245 0 
row 209: 170 0  171 0  174 0  175 0  176 0  177 0  204 0  205 -0.166667  208 0  209 0.666667  210 0  211 0  238 0  239 -0.333333  242 0  243 -0.166667  244 0  245 0 
row 210: 174 -0.333333  175 0  176 -0.333333  177 0  178 -0.333333  179 0  208 -0.333333  209 0  210 2.66667  211 0  212 -0.333333  213 0  242 -0.333333  243 0  244 -0.333333  245 0  246 -0.333333  247 0 
row 211: 174 0  175 0  176 0  177 0  178 0  179 0  208 0  209 -0.166667  210 0  211 0.666667  212 0  213 0  242 0  243 -0.333333  244 0  245 -0.166667  246 0  247 0 
row 212: 176 -0.333333  177 0  178 -0.333333  179 0  180 -0.333333  181 0  210 -0.333333  211 0  212 2.66667  213 0  214 -0.333333  215 0  244 -0.333333  245 0  246 -0.333333  247 0  248 -0.333333  249 0 
row 213: 176 0  177 0  178 0  179 0  180 0  181 0  210 0  211 -0.166667  212 0  213 0.666667  214 0  215 0  244 0  245 -0.333333  246 0  247 -0.166667  248 0  249 0 
row 214: 178 -0.333333  179 0  180 -0.333333  181 0  182 -0.333333  183 0  212 -0.333333  213 0  214 2.66667  215 0  216 -0.333333  217 0  246 -0.333333  247 0  248 -0.333333  249 0  250 -0.333333  251 0 
row 215: 178 0  179 0  180 0  181 0  182 0  183 0  212 0  213 -0.166667  214 0  215 0.666667  216 0  217 0  246 0  247 -0.333333  248 0  249 -0.166667  250 0  251 0 
row 216: 180 -0.333333  181 0  182 -0.333333  183 0  184 -0.333333  185 0  214 -0.333333  215 0  216 2.66667  217 0  218 -0.333333  219 0  248 -0.333333  249 0  250 -0.333333  251 0  252 -0.333333  253 0 
row 217: 180 0  181 0  182 0  183 0  184 0  185 0  214 0  215 -0.166667  216 0  217 0.666667  218 0  219 0  248 0  249 -0.333333  250 0  251 -0.166667  252 0  253 0 
row 218: 182 -0.333333  183 0  184 -0.333333  185 0  186 -0.333333  187 0  216 -0.333333  217 0  218 2.66667  219 0  220 -0.333333  221 0  250 -0.333333  251 0  252 -0.333333  253 0  254 -0.333333  255 0 
row 219: 182 0  183 0  184 0  185 0  186 0  187 0  216 0  217 -0.166667  218 0  219 0.666667  220 0  221 0  250 0  251 -0.333333  252 0  253 -0.166667  254 0  255 0 
row 220: 184 -0.333333  185 0  186 -0.333333  187 0  188 -0.333333  189 0  218 -0.333333  219 0  220 2.66667  221 0  222 -0.333333  223 0  252 -0.333333  253 0  254 -0.333333  255 0  256 -0.333333  257 0 
row 221: 184 0  185 0  186 0  187 0  188 0  189 0  218 0  219 -0.166667  220 0  221 0.666667  222 0  223 0  252 0  253 -0.333333  254 0  255 -0.166667  256 0  257 0 
row 222: 186 -0.333333  187 0  188 -0.333333  189 0  190 -0.333333  191 0  220 -0.333333  221 0  222 2.66667  223 0  224 -0.333333  225 0  254 -0.333333  255 0  256 -0.333333  257 0  258 -0.333333  259 0 
row 223: 186 0  187 0  188 0  189 0  190 0  191 0  220 0  221 -0.166667  222 0  223 0.666667  224 0  225 0  254 0  255 -0.333333  256 0  257 -0.166667  258 0  259 0 
row 224: 188 -0.333333  189 0  190 -0.333333  191 0  192 -0.333333  193 0  222 -0.333333  223 0  224 2.66667  225 0  226 -0.333333  227 0  256 -0.333333  257 0  258 -0.333333  259 0  260 -0.333333  261 0 
row 225: 188 0  189 0  190 0  191 0  192 0  193 0  222 0  223 -0.166667  224 0  225 0.666667  226 0  227 0  256 0  257 -0.333333  258 0  259 -0.166667  260 0  261 0 
row 226: 190 -0.333333  191 0  192 -0.333333  193 0  194 -0.333333  195 0  224 -0.333333  225 0  226 2.66667  227 0  228 -0.333333  229 0  258 -0.333333  259 0  260 -0.333333  261 0  262 -0.333333  263 0 
row 227: 190 0  191 0  192 0  193 0  194 0  195 0  224 0  225 -0.166667  226 0  227 0.666667  228 0  229 0  258 0  259 -0.333333  260 0  261 -0.166667  262 0  263 0 
row 228: 192 -0.333333  193 0  194 -0.333333  195 0  196 -0.333333  197 0  226 -0.333333  227 0  228 2.66667  229 0  230 -0.333333  231 0  260 -0.333333  261 0  262 -0.333333  263 0  264 -0.333333  265 0 
row 229: 192 0  193 0  194 0  195 0  196 0  197 0  226 0  227 -0.166667  228 0  229 0.666667  230 0  231 0  260 0  261 -0.333333  262 0  263 -0.166667  264 0  265 0 
row 230: 194 -0.333333  195 0  196 -0.333333  197 0  198 -0.333333  199 0  228 -0.333333  229 0  230 2.66667  231 0  232 -0.333333  233 0  262 -0.333333  263 0  264 -0.333333  265 0  266 -0.333333  267 0 
row 231: 194 0  195 0  196 0  197 0  198 0  199 0  228 0  229 -0.166667  230 0  231 0.666667  232 0  233 0  262 0  263 -0.333333  264 0  265 -0.166667  266 0  267 0 
row 232: 196 -0.333333  197 0  198 -0.333333  199 0  200 -0.333333  201 0  230 -0.333333  231 0  232 2.66667  233 0  234 -0.333333  235 0  264 -0.333333  265 0  266 -0.333333  267 0  268 -0.333333  269 0 
row 233: 196 0  197 0  198 0  199 0  200 0  201 0  230 0  231 -0.166667  232 0  233 0.666667  234 0  235 0  264 0  265 -0.333333  266 0  267 -0.166667  268 0  269 0 
row 234: 198 -0.333333  199 0  200 -0.333333  201 0  202 -0.333333  203 0  232 -0.333333  233 0  234 2.66667  235 0  236 -0.333333  237 0  266 -0.333333  267 0  268 -0.333333  269 0  270 -0.333333  271 0 
row 235: 198 0  199 0  200 0  201 0  202 0  203 0  232 0  233 -0.166667  234 0  235 0.666667  236 0  237 0  266 0  267 -0.333333  268 0  269 -0.166667  270 0  271 0 
row 236: 236 1  237 0 
row 237: 236 0  237 1 
row 238: 204 -0.333333  205 0  206 -0.333333  207 0  208 -0.333333  209 0  238 2.66667  239 0  240 -0.333333  241 0  242 -0.333333  243 0  272 -0.333333  273 0  274 -0.333333  275 0  276 -0.333333  277 0 
row 239: 204 0  205 0  206 0  207 0  208 0  209 0  238 0  239 0.666667  240 0  241 -0.166667  242 0  243 0  272 0  273 -0.166667  274 0  275 -0.333333  276 0  277 0 
row 240: 240 1  241 0 
row 241: 240 0  241 1 
row 242: 204 -0.333333  205 0  208 -0.333333  209 0  210 -0.333333  211 0  238 -0.333333  239 0  242 2.66667  243 0  244 -0.333333  245 0  272 -0.333333  273 0  276 -0.333333  277 0  278 -0.333333  279 0 
row 243: 204 0  205 0  208 0  209 0  210 0  211 0  238 0  239 -0.166667  242 0  243 0.666667  244 0  245 0  272 0  273 -0.333333  276 0  277 -0.166667  278 0  279 0 
row 244: 208 -0.333333  209 0  210 -0.333333  211 0  212 -0.333333  213 0  242 -0.333333  243 0  244 2.66667  245 0  246 -0.333333  247 0  276 -0.333333  277 0  278 -0.333333  279 0  280 -0.333333  281 0 
row 245: 208 0  209 0  210 0  211 0  212 0  213 0  242 0  243 -0.166667  244 0  245 0.666667  246 0  247 0  276 0  277 -0.333333  278 0  279 -0.166667  280 0  281 0 
row 246: 210 -0.333333  211 0  212 -0.333333  213 0  214 -0.333333  215 0  244 -0.333333  245 0  246 2.66667  247 0  248 -0.333333  249 0  278 -0.333333  279 0  280 -0.333333  281 0  282 -0.333333  283 0 
row 247: 210 0  211 0  212 0  213 0  214 0  215 0  244 0  245 -0.166667  246 0  247 0.666667  248 0  249 0  278 0  279 -0.333333  280 0  281 -0.166667  282 0  283 0 
row 248: 212 -0.333333  213 0  214 -0.333333  215 0  216 -0.333333  217 0  246 -0.333333  247 0  248 2.66667  249 0  250 -0.333333  251 0  280 -0.333333  281 0  282 -0.333333  283 0  284 -0.333333  285 0 
row 249: 212 0  213 0  214 0  215 0  216 0  217 0  246 0  247 -0.166667  248 0  249 0.666667  250 0  251 0  280 0  281 -0.333333  282 0  283 -0.166667  284 0  285 0 
row 250: 214 -0.333333  215 0  216 -0.333333  217 0  218 -0.333333  219 0  248 -0.333333  249 0  250 2.66667  251 0  252 -0.333333  253 0  282 -0.333333  283 0  284 -0.333333  285 0  286 -0.333333  287 0 
row 251: 214 0  215 0  216 0  217 0  218 0  219 0  248 0  249 -0.166667  250 0  251 0.666667  252 0  253 0  282 0  283 -0.333333  284 0  285 -0.166667  286 0  287 0 
row 252: 216 -0.333333  217 0  218 -0.333333  219 0  220 -0.333333  221 0  250 -0.333333  251 0  252 2.66667  253 0  254 -0.333333  255 0  284 -0.333333  285 0  286 -0.333333  287 0  288 -0.333333  289 0 
row 253: 216 0  217 0  218 0  219 0  220 0  221 0  250 0  251 -0.166667  252 0  253 0.666667  254 0  255 0  284 0  285 -0.333333  286 0  287 -0.166667  288 0  289 0 
row 254: 218 -0.333333  219 0  220 -0.333333  221 0  222 -0.333333  223 0  252 -0.333333  253 0  254 2.66667  255 0  256 -0.333333  257 0  286 -0.333333  287 0  288 -0.333333  289 0  290 -0.333333  291 0 
row 255: 218 0  219 0  220 0  221 0  222 0  223 0  252 0  253 -0.166667  254 0  255 0.666667  256 0  257 0  286 0  287 -0.333333  288 0  289 -0.166667  290 0  291 0 
row 256: 220 -0.333333  221 0  222 -0.333333  223 0  224 -0.333333  225 0  254 -0.333333  255 0  256 2.66667  257 0  258 -0.333333  259 0  288 -0.333333  289 0  290 -0.333333  291 0  292 -0.333333  293 0 
row 257: 220 0  221 0  222 0  223 0  224 0  225 0  254 0  255 -0.166667  256 0  257 0.666667  258 0  259 0  288 0  289 -0.333333  290 0  291 -0.166667  292 0  293 0 
row 258: 222 -0.333333  223 0  224 -0.333333  225 0  226 -0.333333  227 0  256 -0.333333  257 0  258 2.66667  259 0  260 -0.333333  261 0  290 -0.333333  291 0  292 -0.333333  293 0  294 -0.333333  295 0 
row 259: 222 0  223 0  224 0  225 0  226 0  227 0  256 0  257 -0.166667  258 0  259 0.666667  260 0  261 0  290 0  291 -0.333333  292 0  293 -0.166667  294 0  295 0 
row 260: 224 -0.333333  225 0  226 -0.333333  227 0  228 -0.333333  229 0  258 -0.333333  259 0  260 2.66667  261 0  262 -0.333333  263 0  292 -0.333333  293 0  294 -0.333333  295 0  296 -0.333333  297 0 
row 261: 224 0  225 0  226 0  227 0  228 0  229 0  258 0  259 -0.166667  260 0  261 0.666667  262 0  263 0  292 0  293 -0.333333  294 0  295 -0.166667  296 0  297 0 
row 262: 226 -0.333333  227 0  228 -0.333333  229 0  230 -0.333333  231 0  260 -0.333333  261 0  262 2.66667  263 0  264 -0.333333  265 0  294 -0.333333  295 0  296 -0.333333  297 0  298 -0.333333  299 0 
row 263: 226 0  227 0  228 0  229 0  230 0  231 0  260 0  261 -0.166667  262 0  263 0.666667  264 0  265 0  294 0  295 -0.333333  296 0  297 -0.166667  298 0  299 0 
row 264: 228 -0.333333  229 0  230 -0.333333  231 0  232 -0.333333  233 0  262 -0.333333  263 0  264 2.66667  265 0  266 -0.333333  267 0  296 -0.333333  297 0  298 -0.333333  299 0  300 -0.333333  301 0 
row 265: 228 0  229 0  230 0  231 0  232 0  233 0  262 0  263 -0.166667  264 0  265 0.666667  266 0  267 0  296 0  297 -0.333333  298 0  299 -0.166667  300 0  301 0 
row 266: 230 -0.333333  231 0  232 -0.333333  233 0  234 -0.333333  235 0  264 -0.333333  265 0  266 2.66667  267 0  268 -0.333333  269 0  298 -0.333333  299 0  300 -0.333333  301 0  302 -0.333333  303 0 
row 267: 230 0  231 0  232 0  233 0  234 0  235 0  264 0  265 -0.166667  266 0  267 0.666667  268 0  269 0  298 0  299 -0.333333  300 0  301 -0.166667  302 0  303 0 
row 268: 232 -0.333333  233 0  234 -0.333333  235 0  236 -0.333333  237 0  266 -0.333333  267 0  268 2.66667  269 0  270 -0.333333  271 0  300 -0.333333  301 0  302 -0.333333  303 0  304 -0.333333  305 0 
row 269: 232 0  233 0  234 0  235 0  236 0  237 0  266 0  267 -0.166667  268 0  269 0.666667  270 0  271 0  300 0  301 -0.333333  302 0  303 -0.166667  304 0  305 0 
row 270: 270 1  271 0 
row 271: 270 0  271 1 
row 272: 238 -0.333333  239 0  240 -0.333333  241 0  242 -0.333333  243 0  272 2.66667  273 0  274 -0.333333  275 0  276 -0.333333  277 0  306 -0.333333  307 0  308 -0.333333  309 0  310 -0.333333  311 0 
row 273: 238 0  239 0  240 0  241 0  242 0  243 0  272 0  273 0.666667  274 0  275 -0.166667  276 0  277 0  306 0  307 -0.166667  308 0  309 -0.333333  310 0  311 0 
row 274: 274 1  275 0 
row 275: 274 0  275 1 
row 276: 238 -0.333333  239 0  242 -0.333333  243 0  244 -0.333333  245 0  272 -0.333333  273 0  276 2.66667  277 0  278 -0.333333  279 0  306 -0.333333  307 0  310 -0.333333  311 0  312 -0.333333  313 0 
row 277: 238 0  239 0  242 0  243 0  244 0  245 0  272 0  273 -0.166667  276 0  277 0.666667  278 0  279 0  306 0  307 -0.333333  310 0  311 -0.166667  312 0  313 0 
row 278: 242 -0.333333  243 0  244 -0.333333  245 0  246 -0.333333  247 0  276 -0.333333  277 0  278 2.66667  279 0  280 -0.333333  281 0  310 -0.333333  311 0  312 -0.333333  313 0  314 -0.333333  315 0 
row 279: 242 0  243 0  244 0  245 0  246 0  247 0  276 0  277 -0.166667  278 0  279 0.666667  280 0  281 0  310 0  311 -0.333333  312 0  313 -0.166667  314 0  315 0 
row 280: 244 -0.333333  245 0  246 -0.333333  247 0  248 -0.333333  249 0  278 -0.333333  279 0  280 2.66667  281 0  282 -0.333333  283 0  312 -0.333333  313 0  314 -0.333333  315 0  316 -0.333333  317 0 
row 281: 244 0  245 0  246 0  247 0  248 0  249 0  278 0  279 -0.166667  280 0  281 0.666667  282 0  283 0  312 0  313 -0.333333  314 0  315 -0.166667  316 0  317 0 
row 282: 246 -0.333333  247 0  248 -0.333333  249 0  250 -0.333333  251 0  280 -0.333333  281 0  282 2.66667  283 0  284 -0.333333  285 0  314 -0.333333  315 0  316 -0.333333  317 0  318 -0.333333  319 0 
row 283: 246 0  247 0  248 0  249 0  250 0  251 0  280 0  281 -0.166667  282 0  283 0.666667  284 0  285 0  314 0  315 -0.333333  316 0  317 -0.166667  318 0  319 0 
row 284: 248 -0.333333  249 0  250 -0.333333  251 0  252 -0.333333  253 0  282 -0.333333  283 0  284 2.66667  285 0  286 -0.333333  287 0  316 -0.333333  317 0  318 -0.333333  319 0  320 -0.333333  321 0 
row 285: 248 0  249 0  250 0  251 0  252 0  253 0  282 0  283 -0.166667  284 0  285 0.666667  286 0  287 0  316 0  317 -0.333333  318 0  319 -0.166667  320 0  321 0 
row 286: 250 -0.333333  251 0  252 -0.333333  253 0  254 -0.333333  255 0  284 -0.333333  285 0  286 2.66667  287 0  288 -0.333333  289 0  318 -0.333333  319 0  320 -0.333333  321 0  322 -0.333333  323 0 
row 287: 250 0  251 0  252 0  253 0  254 0  255 0  284 0  285 -0.166667  286 0  287 0.666667  288 0  289 0  318 0  319 -0.333333  320 0  321 -0.166667  322 0  323 0 
row 288: 252 -0.333333  253 0  254 -0.333333  255 0  256 -0.333333  257 0  286 -0.333333  287 0  288 2.66667  289 0  290 -0.333333  291 0  320 -0.333333  321 0  322 -0.333333  323 0  324 -0.333333  325 0 
row 289: 252 0  253 0  254 0  255 0  256 0  257 0  286 0  287 -0.166667  288 0  289 0.666667  290 0  291 0  320 0  321 -0.333333  322 0  323 -0.166667  324 0  325 0 
row 290: 254 -0.333333  255 0  256 -0.333333  257 0  258 -0.333333  259 0  288 -0.333333  289 0  290 2.66667  291 0  292 -0.333333  293 0  322 -0.333333  323 0  324 -0.333333  325 0  326 -0.333333  327 0 
row 291: 254 0  255 0  256 0  257 0  258 0  259 0  288 0  289 -0.166667  290 0  291 0.666667  292 0  293 0  322 0  323 -0.333333  324 0  325 -0.166667  326 0  327 0 
row 292: 256 -0.333333  257 0  258 -0.333333  259 0  260 -0.333333  261 0  290 -0.333333  291 0  292 2.66667  293 0  294 -0.333333  295 0  324 -0.333333  325 0  326 -0.333333  327 0  328 -0.333333  329 0 
row 293: 256 0  257 0  258 0  259 0  260 0  261 0  290 0  291 -0.166667  292 0  293 0.666667  294 0  295 0  324 0  325 -0.333333  326 0  327 -0.166667  328 0  329 0 
row 294: 258 -0.333333  259 0  260 -0.333333  261 0  262 -0.333333  263 0  292 -0.333333  293 0  294 2.66667  295 0  296 -0.333333  297 0  326 -0.333333  327 0  328 -0.333333  329 0  330 -0.333333  331 0 
row 295: 258 0  259 0  260 0  261 0  262 0  263 0  292 0  293 -0.166667  294 0  295 0.666667  296 0  297 0  326 0  327 -0.333333  328 0  329 -0.166667  330 0  331 0 
row 296: 260 -0.333333  261 0  262 -0.333333  263 0  264 -0.333333  265 0  294 -0.333333  295 0  296 2.66667  297 0  298 -0.333333  299 0  328 -0.333333  329 0  330 -0.333333  331 0  332 -0.333333  333 0 
row 297: 260 0  261 0  262 0  263 0  264 0  265 0  294 0  295 -0.166667  296 0  297 0.666667  298 0  299 0  328 0  329 -0.333333  330 0  331 -0.166667  332 0  333 0 
row 298: 262 -0.333333  263 0  264 -0.333333  265 0  266 -0.333333  267 0  296 -0.333333  297 0  298 2.66667  299 0  300 -0.333333  301 0  330 -0.333333  331 0  332 -0.333333  333 0  334 -0.333333  335 0 
row 299: 262 0  263 0  264 0  265 0  266 0  267 0  296 0  297 -0.166667  298 0  299 0.666667  300 0  301 0  330 0  331 -0.333333  332 0  333 -0.166667  334 0  335 0 
row 300: 264 -0.333333  265 0  266 -0.333333  267 0  268 -0.333333  269 0  298 -0.333333  299 0  300 2.66667  301 0  302 -0.333333  303 0  332 -0.333333  333 0  334 -0.333333  335 0  336 -0.333333  337 0 
row 301: 264 0  265 0  266 0  267 0  268 0  269 0  298 0  299 -0.166667  300 0  301 0.666667  302 0  303 0  332 0  333 -0.333333  334 0  335 -0.166667  336 0  337 0 
row 302: 266 -0.333333  267 0  268 -0.333333  269 0  270 -0.333333  271 0  300 -0.333333  301 0  302 2.66667  303 0  304 -0.333333  305 0  334 -0.333333  335 0  336 -0.333333  337 0  338 -0.333333  339 0 
row 303: 266 0  267 0  268 0  269 0  270 0  271 0  300 0  301 -0.166667  302 0  303 0.666667  304 0  305 0  334 0  335 -0.333333  336 0  337 -0.166667  338 0  339 0 
row 304: 304 1  305 0 
row 305: 304 0  305 1 
row 306: 272 -0.333333  273 0  274 -0.333333  275 0  276 -0.333333  277 0  306 2.66667  307 0  308 -0.333333  309 0  310 -0.333333  311 0  340 -0.333333  341 0  342 -0.333333  343 0  344 -0.333333  345 0 
row 307: 272 0  273 0  274 0  275 0  276 0  277 0  306 0  307 0.666667  308 0  309 -0.166667  310 0  311 0  340 0  341 -0.166667  342 0  343 -0.333333  344 0  345 0 
row 308: 308 1  309 0 
row 309: 308 0  309 1 
row 310: 272 -0.333333  273 0  276 -0.333333  277 0  278 -0.333333  279 0  306 -0.333333  307 0  310 2.66667  311 0  312 -0.333333  313 0  340 -0.333333  341 0  344 -0.333333  345 0  346 -0.333333  347 0 
row 311: 272 0  273 0  276 0  277 0  278 0  279 0  306 0  307 -0.166667  310 0  311 0.666667  312 0  313 0  340 0  341 -0.333333  344 0  345 -0.166667  346 0  347 0 
row 312: 276 -0.333333  277 0  278 -0.333333  279 0  280 -0.333333  281 0  310 -0.333333  311 0  312 2.66667  313 0  314 -0.333333  315 0  344 -0.333333  345 0  346 -0.333333  347 0  348 -0.333333  349 0 
row 313: 276 0  277 0  278 0  279 0  280 0  281 0  310 0  311 -0.166667  312 0  313 0.666667  314 0  315 0  344 0  345 -0.333333  346 0  347 -0.166667  348 0  349 0 
row 314: 278 -0.333333  279 0  280 -0.333333  281 0  282 -0.333333  283 0  312 -0.333333  313 0  314 2.66667  315 0  316 -0.333333  317 0  346 -0.333333  347 0  348 -0.333333  349 0  350 -0.333333  351 0 
row 315: 278 0  279 0  280 0  281 0  282 0  283 0  312 0  313 -0.166667  314 0  315 0.666667  316 0  317 0  346 0  347 -0.333333  348 0  349 -0.166667  350 0  351 0 
row 316: 280 -0.333333  281 0  282 -0.333333  283 0  284 -0.333333  285 0  314 -0.333333  315 0  316 2.66667  317 0  318 -0.333333  319 0  348 -0.333333  349 0  350 -0.333333  351 0  352 -0.333333  353 0 
row 317: 280 0  281 0  282 0  283 0  284 0  285 0  314 0  315 -0.166667  316 0  317 0.666667  318 0  319 0  348 0  349 -0.333333  350 0  351 -0.166667  352 0  353 0 
row 318: 282 -0.333333  283 0  284 -0.333333  285 0  286 -0.333333  287 0  316 -0.333333  317 0  318 2.66667  319 0  320 -0.333333  321 0  350 -0.333333  351 0  352 -0.333333  353 0  354 -0.333333  355 0 
row 319: 282 0  283 0  284 0  285 0  286 0  287 0  316 0  317 -0.166667  318 0  319 0.666667  320 0  321 0  350 0  351 -0.333333  352 0  353 -0.166667  354 0  355 0 
row 320: 284 -0.333333  285 0  286 -0.333333  287 0  288 -0.333333  289 0  318 -0.333333  319 0  320 2.66667  321 0  322 -0.333333  323 0  352 -0.333333  353 0  354 -0.333333  355 0  356 -0.333333  357 0 
row 321: 284 0  285 0  286 0  287 0  288 0  289 0  318 0  319 -0.166667  320 0  321 0.666667  322 0  323 0  352 0  353 -0.333333  354 0  355 -0.166667  356 0  357 0 
row 322: 286 -0.333333  287 0  288 -0.333333  289 0  290 -0.333333  291 0  320 -0.333333  321 0  322 2.66667  323 0  324 -0.333333  325 0  354 -0.333333  355 0  356 -0.333333  357 0  358 -0.333333  359 0 
row 323: 286 0  287 0  288 0  289 0  290 0  291 0  320 0  321 -0.166667  322 0  323 0.666667  324 0  325 0  354 0  355 -0.333333  356 0  357 -0.166667  358 0  359 0 
row 324: 288 -0.333333  289 0  290 -0.333333  291 0  292 -0.333333  293 0  322 -0.333333  323 0  324 2.66667  325 0  326 -0.333333  327 0  356 -0.333333  357 0  358 -0.333333  359 0  360 -0.333333  361 0 
row 325: 288 0  289 0  290 0  291 0  292 0  293 0  322 0  323 -0.166667  324 0  325 0.666667  326 0  327 0  356 0  357 -0.333333  358 0  359 -0.166667  360 0  361 0 
row 326: 290 -0.333333  291 0  292 -0.333333  293 0  294 -0.333333  295 0  324 -0.333333  325 0  326 2.66667  327 0  328 -0.333333  329 0  358 -0.333333  359 0  360 -0.333333  361 0  362 -0.333333  363 0 
row 327: 290 0  291 0  292 0  293 0  294 0  295 0  324 0  325 -0.166667  326 0  327 0.666667  328 0  329 0  358 0  359 -0.333333  360 0  361 -0.166667  362 0  363 0 
row 328: 292 -0.333333  293 0  294 -0.333333  295 0  296 -0.333333  297 0  326 -0.333333  327 0  328 2.66667  329 0  330 -0.333333  331 0  360 -0.333333  361 0  362 -0.333333  363 0  364 -0.333333  365 0 
row 329: 292 0  293 0  294 0  295 0  296 0  297 0  326 0  327 -0.166667  328 0  329 0.666667  330 0  331 0  360 0  361 -0.333333  362 0  363 -0.166667  364 0  365 0 
row 330: 294 -0.333333  295 0  296 -0.333333  297 0  298 -0.333333  299 0  328 -0.333333  329 0  330 2.66667  331 0  332 -0.333333  333 0  362 -0.333333  363 0  364 -0.333333  365 0  366 -0.333333  367 0 
row 331: 294 0  295 0  296 0  297 0  298 0  299 0  328 0  329 -0.166667  330 0  331 0.666667  332 0  333 0  362 0  363 -0.333333  364 0  365 -0.166667  366 0  367 0 
row 332: 296 -0.333333  297 0  298 -0.333333  299 0  300 -0.333333  301 0  330 -0.333333  331 0  332 2.66667  333 0  334 -0.333333  335 0  364 -0.333333  365 0  366 -0.333333  367 0  368 -0.333333  369 0 
row 333: 296 0  297 0  298 0  299 0  300 0  301 0  330 0  331 -0.166667  332 0  333 0.666667  334 0  335 0  364 0  365 -0.333333  366 0  367 -0.166667  368 0  369 0 
row 334: 298 -0.333333  299 0  300 -0.333333  301 0  302 -0.333333  303 0  332 -0.333333  333 0  334 2.66667  335 0  336 -0.333333  337 0  366 -0.333333  367 0  368 -0.333333  369 0  370 -0.333333  371 0 
row 335: 298 0  299 0  300 0  301 0  302 0  303 0  332 0  333 -0.166667  334 0  335 0.666667  336 0  337 0  366 0  367 -0.333333  368 0  369 -0.166667  370 0  371 0 
row 336: 300 -0.333333  301 0  302 -0.333333  303 0  304 -0.333333  305 0  334 -0.333333  335 0  336 2.66667  337 0  338 -0.333333  339 0  368 -0.333333  369 0  370 -0.333333  371 0  372 -0.333333  373 0 
row 337: 300 0  301 0  302 0  303 0  304 0  305 0  334 0  335 -0.166667  336 0  337 0.666667  338 0  339 0  368 0  369 -0.333333  370 0  371 -0.166667  372 0  373 0 
row 338: 338 1  339 0 
row 339: 338 0  339 1 
row 340: 306 -0.333333  307 0  308 -0.333333  309 0  310 -0.333333  311 0  340 2.66667  341 0  342 -0.333333  343 0  344 -0.333333  345 0  374 -0.333333  375 0  376 -0.333333  377 0  378 -0.333333  379 0 
row 341: 306 0  307 0  308 0  309 0  310 0  311 0  340 0  341 0.666667  342 0  343 -0.166667  344 0  345 0  374 0  375 -0.166667  376 0  377 -0.333333  378 0  379 0 
row 342: 342 1  343 0 
row 343: 342 0  343 1 
row 344: 306 -0.333333  307 0  310 -0.333333  311 0  312 -0.333333  313 0  340 -0.333333  341 0  344 2.66667  345 0  346 -0.333333  347 0  374 -0.333333  375 0  378 -0.333333  379 0  380 -0.333333  381 0 
row 345: 306 0  307 0  310 0  311 0  312 0  313 0  340 0  341 -0.166667  344 0  345 0.666667  346 0  347 0  374 0  375 -0.333333  378 0  379 -0.166667  380 0  381 0 
row 346: 310 -0.333333  311 0  312 -0.333333  313 0  314 -0.333333  315 0  344 -0.333333  345 0  346 2.66667  347 0  348 -0.333333  349 0  378 -0.333333  379 0  380 -0.333333  381 0  382 -0.333333  383 0 
row 347: 310 0  311 0  312 0  313 0  314 0  315 0  344 0  345 -0.166667  346 0  347 0.666667  348 0  349 0  378 0  379 -0.333333  380 0  381 -0.166667  382 0  383 0 
row 348: 312 -0.333333  313 0  314 -0.333333  315 0  316 -0.333333  317 0  346 -0.333333  347 0  348 2.66667  349 0  350 -0.333333  351 0  380 -0.333333  381 0  382 -0.333333  383 0  384 -0.333333  385 0 
row 349: 312 0  313 0  314 0  315 0  316 0  317 0  346 0  347 -0.166667  348 0  349 0.666667  350 0  351 0  380 0  381 -0.333333  382 0  383 -0.166667  384 0  385 0 
row 350: 314 -0.333333  315 0  316 -0.333333  317 0  318 -0.333333  319 0  348 -0.333333  349 0  350 2.66667  351 0  352 -0.333333  353 0  382 -0.333333  383 0  384 -0.333333  385 0  386 -0.333333  387 0 
row 351: 314 0  315 0  316 0  317 0  318 0  319 0  348 0  349 -0.166667  350 0  351 0.666667  352 0  353 0  382 0  383 -0.333333  384 0  385 -0.166667  386 0  387 0 
row 352: 316 -0.333333  317 0  318 -0.333333  319 0  320 -0.333333  321 0  350 -0.333333  351 0  352 2.66667  353 0  354 -0.333333  355 0  384 -0.333333  385 0  386 -0.333333  387 0  388 -0.333333  389 0 
row 353: 316 0  317 0  318 0  319 0  320 0  321 0  350 0  351 -0.166667  352 0  353 0.666667  354 0  355 0  384 0  385 -0.333333  386 0  387 -0.166667  388 0  389 0 
row 354: 318 -0.333333  319 0  320 -0.333333  321 0  322 -0.333333  323 0  352 -0.333333  353 0  354 2.66667  355 0  356 -0.333333  357 0  386 -0.333333  387 0  388 -0.333333  389 0  390 -0.333333  391 0 
row 355: 318 0  319 0  320 0  321 0  322 0  323 0  352 0  353 -0.166667  354 0  355 0.666667  356 0  357 0  386 0  387 -0.333333  388 0  389 -0.166667  390 0  391 0 
row 356: 320 -0.333333  321 0  322 -0.333333  323 0  324 -0.333333  325 0  354 -0.333333  355 0  356 2.66667  357 0  358 -0.333333  359 0  388 -0.333333  389 0  390 -0.333333  391 0  392 -0.333333  393 0 
row 357: 320 0  321 0  322 0  323 0  324 0  325 0  354 0  355 -0.166667  356 0  357 0.666667  358 0  359 0  388 0  389 -0.333333  390 0  391 -0.166667  392 0  393 0 
row 358: 322 -0.333333  323 0  324 -0.333333  325 0  326 -0.333333  327 0  356 -0.333333  357 0  358 2.66667  359 0  360 -0.333333  361 0  390 -0.333333  391 0  392 -0.333333  393 0  394 -0.333333  395 0 
row 359: 322 0  323 0  324 0  325 0  326 0  327 0  356 0  357 -0.166667  358 0  359 0.666667  360 0  361 0  390 0  391 -0.333333  392 0  393 -0.166667  394 0  395 0 
row 360: 324 -0.333333  325 0  326 -0.333333  327 0  328 -0.333333  329 0  358 -0.333333  359 0  360 2.66667  361 0  362 -0.333333  363 0  392 -0.333333  393 0  394 -0.333333  395 0  396 -0.333333  397 0 
row 361: 324 0  325 0  326 0  327 0  328 0  329 0  358 0  359 -0.166667  360 0  361 0.666667  362 0  363 0  392 0  393 -0.333333  394 0  395 -0.166667  396 0  397 0 
row 362: 326 -0.333333  327 0  328 -0.333333  329 0  330 -0.333333  331 0  360 -0.333333  361 0  362 2.66667  363 0  364 -0.333333  365 0  394 -0.333333  395 0  396 -0.333333  397 0  398 -0.333333  399 0 
row 363: 326 0  327 0  328 0  329 0  330 0  331 0  360 0  361 -0.166667  362 0  363 0.666667  364 0  365 0  394 0  395 -0.333333  396 0  397 -0.166667  398 0  399 0 
row 364: 328 -0.333333  329 0  330 -0.333333  331 0  332 -0.333333  333 0  362 -0.333333  363 0  364 2.66667  365 0  366 -0.333333  367 0  396 -0.333333  397 0  398 -0.333333  399 0  400 -0.333333  401 0 
row 365: 328 0  329 0  330 0  331 0  332 0  333 0  362 0  363 -0.166667  364 0  365 0.666667  366 0  367 0  396 0  397 -0.333333  398 0  399 -0.166667  400 0  401 0 
row 366: 330 -0.333333  331 0  332 -0.333333  333 0  334 -0.333333  335 0  364 -0.333333  365 0  366 2.66667  367 0  368 -0.333333  369 0  398 -0.333333  399 0  400 -0.333333  401 0  402 -0.333333  403 0 
row 367: 330 0  331 0  332 0  333 0  334 0  335 0  364 0  365 -0.166667  366 0  367 0.666667  368 0  369 0  398 0  399 -0.333333  400 0  401 -0.166667  402 0  403 0 
row 368: 332 -0.333333  333 0  334 -0.333333  335 0  336 -0.333333  337 0  366 -0.333333  367 0  368 2.66667  369 0  370 -0.333333  371 0  400 -0.333333  401 0  402 -0.333333  403 0  404 -0.333333  405 0 
row 369: 332 0  333 0  334 0  335 0  336 0  337 0  366 0  367 -0.166667  368 0  369 0.666667  370 0  371 0  400 0  401 -0.333333  402 0  403 -0.166667  404 0  405 0 
row 370: 334 -0.333333  335 0  336 -0.333333  337 0  338 -0.333333  339 0  368 -0.333333  369 0  370 2.66667  371 0  372 -0.333333  373 0  402 -0.333333  403 0  404 -0.333333  405 0  406 -0.333333  407 0 
row 371: 334 0  335 0  336 0  337 0  338 0  339 0  368 0  369 -0.166667  370 0  371 0.666667  372 0  373 0  402 0  403 -0.333333  404 0  405 -0.166667  406 0  407 0 
row 372: 372 1  373 0 
row 373: 372 0  373 1 
row 374: 340 -0.333333  341 0  342 -0.333333  343 0  344 -0.333333  345 0  374 2.66667  375 0  376 -0.333333  377 0  378 -0.333333  379 0  408 -0.333333  409 0  410 -0.333333  411 0  412 -0.333333  413 0 
row 375: 340 0  341 0  342 0  343 0  344 0  345 0  374 0  375 0.666667  376 0  377 -0.166667  378 0  379 0  408 0  409 -0.166667  410 0  411 -0.333333  412 0  413 0 
row 376: 376 1  377 0 
row 377: 376 0  377 1 
row 378: 340 -0.333333  341 0  344 -0.333333  345 0  346 -0.333333  347 0  374 -0.333333  375 0  378 2.66667  379 0  380 -0.333333  381 0  408 -0.333333  409 0  412 -0.333333  413 0  414 -0.333333  415 0 
row 379: 340 0  341 0  344 0  345 0  346 0  347 0  374 0  375 -0.166667  378 0  379 0.666667  380 0  381 0  408 0  409 -0.333333  412 0  413 -0.166667  414 0  415 0 
row 380: 344 -0.333333  345 0  346 -0.333333  347 0  348 -0.333333  349 0  378 -0.333333  379 0  380 2.66667  381 0  382 -0.333333  383 0  412 -0.333333  413 0  414 -0.333333  415 0  416 -0.333333  417 0 
row 381: 344 0  345 0  346 0  347 0  348 0  349 0  378 0  379 -0.166667  380 0  381 0.666667  382 0  383 0  412 0  413 -0.333333  414 0  415 -0.166667  416 0  417 0 
row 382: 346 -0.333333  347 0  348 -0.333333  349 0  350 -0.333333  351 0  380 -0.333333  381 0  382 2.66667  383 0  384 -0.333333  385 0  414 -0.333333  415 0  416 -0.333333  417 0  418 -0.333333  419 0 
row 383: 346 0  347 0  348 0  349 0  350 0  351 0  380 0  381 -0.166667  382 0  383 0.666667  384 0  385 0  414 0  415 -0.333333  416 0  417 -0.166667  418 0  419 0 
row 384: 348 -0.333333  349 0  350 -0.333333  351 0  352 -0.333333  353 0  382 -0.333333  383 0  384 2.66667  385 0  386 -0.333333  387 0  416 -0.333333  417 0  418 -0.333333  419 0  420 -0.333333  421 0 
row 385: 348 0  349 0  350 0  351 0  352 0  353 0  382 0  383 -0.166667  384 0  385 0.666667  386 0  387 0  416 0  417 -0.333333  418 0  419 -0.166667  420 0  421 0 
row 386: 350 -0.333333  351 0  352 -0.333333  353 0  354 -0.333333  355 0  384 -0.333333  385 0  386 2.66667  387 0  388 -0.333333  389 0  418 -0.333333  419 0  420 -0.333333  421 0  422 -0.333333  423 0 
row 387: 350 0  351 0  352 0  353 0  354 0  355 0  384 0  385 -0.166667  386 0  387 0.666667  388 0  389 0  418 0  419 -0.333333  420 0  421 -0.166667  422 0  423 0 
row 388: 352 -0.333333  353 0  354 -0.333333  355 0  356 -0.333333  357 0  386 -0.333333  387 0  388 2.66667  389 0  390 -0.333333  391 0  420 -0.333333  421 0  422 -0.333333  423 0  424 -0.333333  425 0 
row 389: 352 0  353 0  354 0  355 0  356 0  357 0  386 0  387 -0.166667  388 0  389 0.666667  390 0  391 0  420 0  421 -0.333333  422 0  423 -0.166667  424 0  425 0 
row 390: 354 -0.333333  355 0  356 -0.333333  357 0  358 -0.333333  359 0  388 -0.333333  389 0  390 2.66667  391 0  392 -0.333333  393 0  422 -0.333333  423 0  424 -0.333333  425 0  426 -0.333333  427 0 
row 391: 354 0  355 0  356 0  357 0  358 0  359 0  388 0  389 -0.166667  390 0  391 0.666667  392 0  393 0  422 0  423 -0.333333  424 0  425 -0.166667  426 0  427 0 
row 392: 356 -0.333333  357 0  358 -0.333333  359 0  360 -0.333333  361 0  390 -0.333333  391 0  392 2.66667  393 0  394 -0.333333  395 0  424 -0.333333  425 0  426 -0.333333  427 0  428 -0.333333  429 0 
row 393: 356 0  357 0  358 0  359 0  360 0  361 0  390 0  391 -0.166667  392 0  393 0.666667  394 0  395 0  424 0  425 -0.333333  426 0  427 -0.166667  428 0  429 0 
row 394: 358 -0.333333  359 0  360 -0.333333  361 0  362 -0.333333  363 0  392 -0.333333  393 0  394 2.66667  395 0  396 -0.333333  397 0  426 -0.333333  427 0  428 -0.333333  429 0  430 -0.333333  431 0 
row 395: 358 0  359 0  360 0  361 0  362 0  363 0  392 0  393 -0.166667  394 0  395 0.666667  396 0  397 0  426 0  427 -0.333333  428 0  429 -0.166667  430 0  431 0 
row 396: 360 -0.333333  361 0  362 -0.333333  363 0  364 -0.333333  365 0  394 -0.333333  395 0  396 2.66667  397 0  398 -0.333333  399 0  428 -0.333333  429 0  430 -0.333333  431 0  432 -0.333333  433 0 
row 397: 360 0  361 0  362 0  363 0  364 0  365 0  394 0  395 -0.166667  396 0  397 0.666667  398 0  399 0  428 0  429 -0.333333  430 0  431 -0.166667  432 0  433 0 
row 398: 362 -0.333333  363 0  364 -0.333333  365 0  366 -0.333333  367 0  396 -0.333333  397 0  398 2.66667  399 0  400 -0.333333  401 0  430 -0.333333  431 0  432 -0.333333  433 0  434 -0.333333  435 0 
row 399: 362 0  363 0  364 0  365 0  366 0  367 0  396 0  397 -0.166667  398 0  399 0.666667  400 0  401 0  430 0  431 -0.333333  432 0  433 -0.166667  434 0  435 0 
row 400: 364 -0.333333  365 0  366 -0.333333  367 0  368 -0.333333  369 0  398 -0.333333  399 0  400 2.66667  401 0  402 -0.333333  403 0  432 -0.333333  433 0  434 -0.333333  435 0  436 -0.333333  437 0 
row 401: 364 0  365 0  366 0  367 0  368 0  369 0  398 0  399 -0.166667  400 0  401 0.666667  402 0  403 0  432 0  433 -0.333333  434 0  435 -0.166667  436 0  437 0 
row 402: 366 -0.333333  367 0  368 -0.333333  369 0  370 -0.333333  371 0  400 -0.333333  401 0  402 2.66667  403 0  404 -0.333333  405 0  434 -0.333333  435 0  436 -0.333333  437 0  438 -0.333333  439 0 
row 403: 366 0  367 0  368 0  369 0  370 0  371 0  400 0  401 -0.166667  402 0  403 0.666667  404 0  405 0  434 0  435 -0.333333  436 0  437 -0.166667  438 0  439 0 
row 404: 368 -0.333333  369 0  370 -0.333333  371 0  372 -0.333333  373 0  402 -0.333333  403 0  404 2.66667  405 0  406 -0.333333  407 0  436 -0.333333  437 0  438 -0.333333  439 0  440 -0.333333  441 0 
row 405: 368 0  369 0  370 0  371 0  372 0  373 0  402 0  403 -0.166667  404 0  405 0.666667  406 0  407 0  436 0  437 -0.333333  438 0  439 -0.166667  440 0  441 0 
row 406: 406 1  407 0 
row 407: 406 0  407 1 
row 408: 374 -0.333333  375 0  376 -0.333333  377 0  378 -0.333333  379 0  408 2.66667  409 0  410 -0.333333  411 0  412 -0.333333  413 0  442 -0.333333  443 0  444 -0.333333  445 0  446 -0.333333  447 0 
row 409: 374 0  375 0  376 0  377 0  378 0  379 0  408 0  409 0.666667  410 0  411 -0.166667  412 0  413 0  442 0  443 -0.166667  444 0  445 -0.333333  446 0  447 0 
row 410: 410 1  411 0 
row 411: 410 0  411 1 
row 412: 374 -0.333333  375 0  378 -0.333333  379 0  380 -0.333333  381 0  408 -0.333333  409 0  412 2.66667  413 0  414 -0.333333  415 0  442 -0.333333  443 0  446 -0.333333  447 0  448 -0.333333  449 0 
row 413: 374 0  375 0  378 0  379 0  380 0  381 0  408 0  409 -0.166667  412 0  413 0.666667  414 0  415 0  442 0  443 -0.333333  446 0  447 -0.166667  448 0  449 0 
row 414: 378 -0.333333  379 0  380 -0.333333  381 0  382 -0.333333  383 0  412 -0.333333  413 0  414 2.66667  415 0  416 -0.333333  417 0  446 -0.333333  447 0  448 -0.333333  449 0  450 -0.333333  451 0 
row 415: 378 0  379 0  380 0  381 0  382 0  383 0  412 0  413 -0.166667  414 0  415 0.666667  416 0  417 0  446 0  447 -0.333333  448 0  449 -0.166667  450 0  451 0 
row 416: 380 -0.333333  381 0  382 -0.333333  383 0  384 -0.333333  385 0  414 -0.333333  415 0  416 2.66667  417 0  418 -0.333333  419 0  448 -0.333333  449 0  450 -0.333333  451 0  452 -0.333333  453 0 
row 417: 380 0  381 0  382 0  383 0  384 0  385 0  414 0  415 -0.166667  416 0  417 0.666667  418 0  419 0  448 0  449 -0.333333  450 0  451 -0.166667  452 0  453 0 
row 418: 382 -0.333333  383 0  384 -0.333333  385 0  386 -0.333333  387 0  416 -0.333333  417 0  418 2.66667  419 0  420 -0.333333  421 0  450 -0.333333  451 0  452 -0.333333  453 0  454 -0.333333  455 0 
row 419: 382 0  383 0  384 0  385 0  386 0  387 0  416 0  417 -0.166667  418 0  419 0.666667  420 0  421 0  450 0  451 -0.333333  452 0  453 -0.166667  454 0  455 0 
row 420: 384 -0.333333  385 0  386 -0.333333  387 0  388 -0.333333  389 0  418 -0.333333  419 0  420 2.66667  421 0  422 -0.333333  423 0  452 -0.333333  453 0  454 -0.333333  455 0  456 -0.333333  457 0 
row 421: 384 0  385 0  386 0  387 0  388 0  389 0  418 0  419 -0.166667  420 0  421 0.666667  422 0  423 0  452 0  453 -0.333333  454 0  455 -0.166667  456 0  457 0 
row 422: 386 -0.333333  387 0  388 -0.333333  389 0  390 -0.333333  391 0  420 -0.333333  421 0  422 2.66667  423 0  424 -0.333333  425 0  454 -0.333333  455 0  456 -0.333333  457 0  458 -0.333333  459 0 
row 423: 386 0  387 0  388 0  389 0  390 0  391 0  420 0  421 -0.166667  422 0  423 0.666667  424 0  425 0  454 0  455 -0.333333  456 0  457 -0.166667  458 0  459 0 
row 424: 388 -0.333333  389 0  390 -0.333333  391 0  392 -0.333333  393 0  422 -0.333333  423 0  424 2.66667  425 0  426 -0.333333  427 0  456 -0.333333  457 0  458 -0.333333  459 0  460 -0.333333  461 0 
row 425: 388 0  389 0  390 0  391 0  392 0  393 0  422 0  423 -0.166667  424 0  425 0.666667  426 0  427 0  456 0  457 -0.333333  458 0  459 -0.166667  460 0  461 0 
row 426: 390 -0.333333  391 0  392 -0.333333  393 0  394 -0.333333  395 0  424 -0.333333  425 0  426 2.66667  427 0  428 -0.333333  429 0  458 -0.333333  459 0  460 -0.333333  461 0  462 -0.333333  463 0 
row 427: 390 0  391 0  392 0  393 0  394 0  395 0  424 0  425 -0.166667  426 0  427 0.666667  428 0  429 0  458 0  459 -0.333333  460 0  461 -0.166667  462 0  463 0 
row 428: 392 -0.333333  393 0  394 -0.333333  395 0  396 -0.333333  397 0  426 -0.333333  427 0  428 2.66667  429 0  430 -0.333333  431 0  460 -0.333333  461 0  462 -0.333333  463 0  464 -0.333333  465 0 
row 429: 392 0  393 0  394 0  395 0  396 0  397 0  426 0  427 -0.166667  428 0  429 0.666667  430 0  431 0  460 0  461 -0.333333  462 0  463 -0.166667  464 0  465 0 
row 430: 394 -0.333333  395 0  396 -0.333333  397 0  398 -0.333333  399 0  428 -0.333333  429 0  430 2.66667  431 0  432 -0.333333  433 0  462 -0.333333  463 0  464 -0.333333  465 0  466 -0.333333  467 0 
row 431: 394 0  395 0  396 0  397 0  398 0  399 0  428 0  429 -0.166667  430 0  431 0.666667  432 0  433 0  462 0  463 -0.333333  464 0  465 -0.166667  466 0  467 0 
row 432: 396 -0.333333  397 0  398 -0.333333  399 0  400 -0.333333  401 0  430 -0.333333  431 0  432 2.66667  433 0  434 -0.333333  435 0  464 -0.333333  465 0  466 -0.333333  467 0  468 -0.333333  469 0 
row 433: 396 0  397 0  398 0  399 0  400 0  401 0  430 0  431 -0.166667  432 0  433 0.666667  434 0  435 0  464 0  465 -0.333333  466 0  467 -0.166667  468 0  469 0 
row 434: 398 -0.333333  399 0  400 -0.333333  401 0  402 -0.333333  403 0  432 -0.333333  433 0  434 2.66667  435 0  436 -0.333333  437 0  466 -0.333333  467 0  468 -0.333333  469 0  470 -0.333333  471 0 
row 435: 398 0  399 0  400 0  401 0  402 0  403 0  432 0  433 -0.166667  434 0  435 0.666667  436 0  437 0  466 0  467 -0.333333  468 0  469 -0.166667  470 0  471 0 
row 436: 400 -0.333333  401 0  402 -0.333333  403 0  404 -0.333333  405 0  434 -0.333333  435 0  436 2.66667  437 0  438 -0.333333  439 0  468 -0.333333  469 0  470 -0.333333  471 0  472 -0.333333  473 0 
row 437: 400 0  401 0  402 0  403 0  404 0  405 0  434 0  435 -0.166667  436 0  437 0.666667  438 0  439 0  468 0  469 -0.333333  470 0  471 -0.166667  472 0  473 0 
row 438: 402 -0.333333  403 0  404 -0.333333  405 0  406 -0.333333  407 0  436 -0.333333  437 0  438 2.66667  439 0  440 -0.333333  441 0  470 -0.333333  471 0  472 -0.333333  473 0  474 -0.333333  475 0 
row 439: 402 0  403 0  404 0  405 0  406 0  407 0  436 0  437 -0.166667  438 0  439 0.666667  440 0  441 0  470 0  471 -0.333333  472 0  473 -0.166667  474 0  475 0 
row 440: 440 1  441 0 
row 441: 440 0  441 1 
row 442: 408 -0.333333  409 0  410 -0.333333  411 0  412 -0.333333  413 0  442 2.66667  443 0  444 -0.333333  445 0  446 -0.333333  447 0  476 -0.333333  477 0  478 -0.333333  479 0  480 -0.333333  481 0 
row 443: 408 0  409 0  410 0  411 0  412 0  413 0  442 0  443 0.666667  444 0  445 -0.166667  446 0  447 0  476 0  477 -0.166667  478 0  479 -0.333333  480 0  481 0 
row 444: 444 1  445 0 
row 445: 444 0  445 1 
row 446: 408 -0.333333  409 0  412 -0.333333  413 0  414 -0.333333  415 0  442 -0.333333  443 0  446 2.66667  447 0  448 -0.333333  449 0  476 -0.333333  477 0  480 -0.333333  481 0  482 -0.333333  483 0 
row 447: 408 0  409 0  412 0  413 0  414 0  415 0  442 0  443 -0.166667  446 0  447 0.666667  448 0  449 0  476 0  477 -0.333333  480 0  481 -0.166667  482 0  483 0 
row 448: 412 -0.333333  413 0  414 -0.333333  415 0  416 -0.333333  417 0  446 -0.333333  447 0  448 2.66667  449 0  450 -0.333333  451 0  480 -0.333333  481 0  482 -0.333333  483 0  484 -0.333333  485 0 
row 449: 412 0  413 0  414 0  415 0  416 0  417 0  446 0  447 -0.166667  448 0  449 0.666667  450 0  451 0  480 0  481 -0.333333  482 0  483 -0.166667  484 0  485 0 
row 450: 414 -0.333333  415 0  416 -0.333333  417 0  418 -0.333333  419 0  448 -0.333333  449 0  450 2.66667  451 0  452 -0.333333  453 0  482 -0.333333  483 0  484 -0.333333  485 0  486 -0.333333  487 0 
row 451: 414 0  415 0  416 0  417 0  418 0  419 0  448 0  449 -0.166667  450 0  451 0.666667  452 0  453 0  482 0  483 -0.333333  484 0  485 -0.166667  486 0  487 0 
row 452: 416 -0.333333  417 0  418 -0.333333  419 0  420 -0.333333  421 0  450 -0.333333  451 0  452 2.66667  453 0  454 -0.333333  455 0  484 -0.333333  485 0  486 -0.333333  487 0  488 -0.333333  489 0 
row 453: 416 0  417 0  418 0  419 0  420 0  421 0  450 0  451 -0.166667  452 0  453 0.666667  454 0  455 0  484 0  485 -0.333333  486 0  487 -0.166667  488 0  489 0 
row 454: 418 -0.333333  419 0  420 -0.333333  421 0  422 -0.333333  423 0  452 -0.333333  453 0  454 2.66667  455 0  456 -0.333333  457 0  486 -0.333333  487 0  488 -0.333333  489 0  490 -0.333333  491 0 
row 455: 418 0  419 0  420 0  421 0  422 0  423 0  452 0  453 -0.166667  454 0  455 0.666667  456 0  457 0  486 0  487 -0.333333  488 0  489 -0.166667  490 0  491 0 
row 456: 420 -0.333333  421 0  422 -0.333333  423 0  424 -0.333333  425 0  454 -0.333333  455 0  456 2.66667  457 0  458 -0.333333  459 0  488 -0.333333  489 0  490 -0.333333  491 0  492 -0.333333  493 0 
row 457: 420 0  421 0  422 0  423 0  424 0  425 0  454 0  455 -0.166667  456 0  457 0.666667  458 0  459 0  488 0  489 -0.333333  490 0  491 -0.166667  492 0  493 0 
row 458: 422 -0.333333  423 0  424 -0.333333  425 0  426 -0.333333  427 0  456 -0.333333  457 0  458 2.66667  459 0  460 -0.333333  461 0  490 -0.333333  491 0  492 -0.333333  493 0  494 -0.333333  495 0 
row 459: 422 0  423 0  424 0  425 0  426 0  427 0  456 0  457 -0.166667  458 0  459 0.666667  460 0  461 0  490 0  491 -0.333333  492 0  493 -0.166667  494 0  495 0 
row 460: 424 -0.333333  425 0  426 -0.333333  427 0  428 -0.333333  429 0  458 -0.333333  459 0  460 2.66667  461 0  462 -0.333333  463 0  492 -0.333333  493 0  494 -0.333333  495 0  496 -0.333333  497 0 
row 461: 424 0  425 0  426 0  427 0  428 0  429 0  458 0  459 -0.166667  460 0  461 0.666667  462 0  463 0  492 0  493 -0.333333  494 0  495 -0.166667  496 0  497 0 
row 462: 426 -0.333333  427 0  428 -0.333333  429 0  430 -0.333333  431 0  460 -0.333333  461 0  462 2.66667  463 0  464 -0.333333  465 0  494 -0.333333  495 0  496 -0.333333  497 0  498 -0.333333  499 0 
row 463: 426 0  427 0  428 0  429 0  430 0  431 0  460 0  461 -0.166667  462 0  463 0.666667  464 0  465 0  494 0  495 -0.333333  496 0  497 -0.166667  498 0  499 0 
row 464: 428 -0.333333  429 0  430 -0.333333  431 0  432 -0.333333  433 0  462 -0.333333  463 0  464 2.66667  465 0  466 -0.333333  467 0  496 -0.333333  497 0  498 -0.333333  499 0  500 -0.333333  501 0 
row 465: 428 0  429 0  430 0  431 0  432 0  433 0  462 0  463 -0.166667  464 0  465 0.666667  466 0  467 0  496 0  497 -0.333333  498 0  499 -0.166667  500 0  501 0 
row 466: 430 -0.333333  431 0  432 -0.333333  433 0  434 -0.333333  435 0  464 -0.333333  465 0  466 2.66667  467 0  468 -0.333333  469 0  498 -0.333333  499 0  500 -0.333333  501 0  502 -0.333333  503 0 
row 467: 430 0  431 0  432 0  433 0  434 0  435 0  464 0  465 -0.166667  466 0  467 0.666667  468 0  469 0  498 0  499 -0.333333  500 0  501 -0.166667  502 0  503 0 
row 468: 432 -0.333333  433 0  434 -0.333333  435 0  436 -0.333333  437 0  466 -0.333333  467 0  468 2.66667  469 0  470 -0.333333  471 0  500 -0.333333  501 0  502 -0.333333  503 0  504 -0.333333  505 0 
row 469: 432 0  433 0  434 0  435 0  436 0  437 0  466 0  467 -0.166667  468 0  469 0.666667  470 0  471 0  500 0  501 -0.333333  502 0  503 -0.166667  504 0  505 0 
row 470: 434 -0.333333  435 0  436 -0.333333  437 0  438 -0.333333  439 0  468 -0.333333  469 0  470 2.66667  471 0  472 -0.333333  473 0  502 -0.333333  503 0  504 -0.333333  505 0  506 -0.333333  507 0 
row 471: 434 0  435 0  436 0  437 0  438 0  439 0  468 0  469 -0.166667  470 0  471 0.666667  472 0  473 0  502 0  503 -0.333333  504 0  505 -0.166667  506 0  507 0 
row 472: 436 -0.333333  437 0  438 -0.333333  439 0  440 -0.333333  441 0  470 -0.333333  471 0  472 2.66667  473 0  474 -0.333333  475 0  504 -0.333333  505 0  506 -0.333333  507 0  508 -0.333333  509 0 
row 473: 436 0  437 0  438 0  439 0  440 0  441 0  470 0  471 -0.166667  472 0  473 0.666667  474 0  475 0  504 0  505 -0.333333  506 0  507 -0.166667  508 0  509 0 
row 474: 474 1  475 0 
row 475: 474 0  475 1 
row 476: 442 -0.333333  443 0  444 -0.333333  445 0  446 -0.333333  447 0  476 2.66667  477 0  478 -0.333333  479 0  480 -0.333333  481 0  510 -0.333333  511 0  512 -0.333333  513 0  514 -0.333333  515 0 
row 477: 442 0  443 0  444 0  445 0  446 0  447 0  476 0  477 0.666667  478 0  479 -0.166667  480 0  481 0  510 0  511 -0.166667  512 0  513 -0.333333  514 0  515 0 
row 478: 478 1  479 0 
row 479: 478 0  479 1 
row 480: 442 -0.333333  443 0  446 -0.333333  447 0  448 -0.333333  449 0  476 -0.333333  477 0  480 2.66667  481 0  482 -0.333333  483 0  510 -0.333333  511 0  514 -0.333333  515 0  516 -0.333333  517 0 
row 481: 442 0  443 0  446 0  447 0  448 0  449 0  476 0  477 -0.166667  480 0  481 0.666667  482 0  483 0  510 0  511 -0.333333  514 0  515 -0.166667  516 0  517 0 
row 482: 446 -0.333333  447 0  448 -0.333333  449 0  450 -0.333333  451 0  480 -0.333333  481 0  482 2.66667  483 0  484 -0.333333  485 0  514 -0.333333  515 0  516 -0.333333  517 0  518 -0.333333  519 0 
row 483: 446 0  447 0  448 0  449 0  450 0  451 0  480 0  481 -0.166667  482 0  483 0.666667  484 0  485 0  514 0  515 -0.333333  516 0  517 -0.166667  518 0  519 0 
row 484: 448 -0.333333  449 0  450 -0.333333  451 0  452 -0.333333  453 0  482 -0.333333  483 0  484 2.66667  485 0  486 -0.333333  487 0  516 -0.333333  517 0  518 -0.333333  519 0  520 -0.333333  521 0 
row 485: 448 0  449 0  450 0  451 0  452 0  453 0  482 0  483 -0.166667  484 0  485 0.666667  486 0  487 0  516 0  517 -0.333333  518 0  519 -0.166667  520 0  521 0 
row 486: 450 -0.333333  451 0  452 -0.333333  453 0  454 -0.333333  455 0  484 -0.333333  485 0  486 2.66667  487 0  488 -0.333333  489 0  518 -0.333333  519 0  520 -0.333333  521 0  522 -0.333333  523 0 
row 487: 450 0  451 0  452 0  453 0  454 0  455 0  484 0  485 -0.166667  486 0  487 0.666667  488 0  489 0  518 0  519 -0.333333  520 0  521 -0.166667  522 0  523 0 
row 488: 452 -0.333333  453 0  454 -0.333333  455 0  456 -0.333333  457 0  486 -0.333333  487 0  488 2.66667  489 0  490 -0.333333  491 0  520 -0.333333  521 0  522 -0.333333  523 0  524 -0.333333  525 0 
row 489: 452 0  453 0  454 0  455 0  456 0  457 0  486 0  487 -0.166667  488 0  489 0.666667  490 0  491 0  520 0  521 -0.333333  522 0  523 -0.166667  524 0  525 0 
row 490: 454 -0.333333  455 0  456 -0.333333  457 0  458 -0.333333  459 0  488 -0.333333  489 0  490 2.66667  491 0  492 -0.333333  493 0  522 -0.333333  523 0  524 -0.333333  525 0  526 -0.333333  527 0 
row 491: 454 0  455 0  456 0  457 0  458 0  459 0  488 0  489 -0.166667  490 0  491 0.666667  492 0  493 0  522 0  523 -0.333333  524 0  525 -0.166667  526 0  527 0 
row 492: 456 -0.333333  457 0  458 -0.333333  459 0  460 -0.333333  461 0  490 -0.333333  491 0  492 2.66667  493 0  494 -0.333333  495 0  524 -0.333333  525 0  526 -0.333333  527 0  528 -0.333333  529 0 
row 493: 456 0  457 0  458 0  459 0  460 0  461 0  490 0  491 -0.166667  492 0  493 0.666667  494 0  495 0  524 0  525 -0.333333  526 0  527 -0.166667  528 0  529 0 
row 494: 458 -0.333333  459 0  460 -0.333333  461 0  462 -0.333333  463 0  492 -0.333333  493 0  494 2.66667  495 0  496 -0.333333  497 0  526 -0.333333  527 0  528 -0.333333  529 0  530 -0.333333  531 0 
row 495: 458 0  459 0  460 0  461 0  462 0  463 0  492 0  493 -0.166667  494 0  495 0.666667  496 0  497 0  526 0  527 -0.333333  528 0  529 -0.166667  530 0  531 0 
row 496: 460 -0.333333  461 0  462 -0.333333  463 0  464 -0.333333  465 0  494 -0.333333  495 0  496 2.66667  497 0  498 -0.333333  499 0  528 -0.333333  529 0  530 -0.333333  531 0  532 -0.333333  533 0 
row 497: 460 0  461 0  462 0  463 0  464 0  465 0  494 0  495 -0.166667  496 0  497 0.666667  498 0  499 0  528 0  529 -0.333333  530 0  531 -0.166667  532 0  533 0 
row 498: 462 -0.333333  463 0  464 -0.333333  465 0  466 -0.333333  467 0  496 -0.333333  497 0  498 2.66667  499 0  500 -0.333333  501 0  530 -0.333333  531 0  532 -0.333333  533 0  534 -0.333333  535 0 
row 499: 462 0  463 0  464 0  465 0  466 0  467 0  496 0  497 -0.166667  498 0  499 0.666667  500 0  501 0  530 0  531 -0.333333  532 0  533 -0.166667  534 0  535 0 
row 500: 464 -0.333333  465 0  466 -0.333333  467 0  468 -0.333333  469 0  498 -0.333333  499 0  500 2.66667  501 0  502 -0.333333  503 0  532 -0.333333  533 0  534 -0.333333  535 0  536 -0.333333  537 0 
row 501: 464 0  465 0  466 0  467 0  468 0  469 0  498 0  499 -0.166667  500 0  501 0.666667  502 0  503 0  532 0  533 -0.333333  534 0  535 -0.166667  536 0  537 0 
row 502: 466 -0.333333  467 0  468 -0.333333  469 0  470 -0.333333  471 0  500 -0.333333  501 0  502 2.66667  503 0  504 -0.333333  505 0  534 -0.333333  535 0  536 -0.333333  537 0  538 -0.333333  539 0 
row 503: 466 0  467 0  468 0  469 0  470 0  471 0  500 0  501 -0.166667  502 0  503 0.666667  504 0  505 0  534 0  535 -0.333333  536 0  537 -0.166667  538 0  539 0 
row 504: 468 -0.333333  469 0  470 -0.333333  471 0  472 -0.333333  473 0  502 -0.333333  503 0  504 2.66667  505 0  506 -0.333333  507 0  536 -0.333333  537 0  538 -0.333333  539 0  540 -0.333333  541 0 
row 505: 468 0  469 0  470 0  471 0  472 0  473 0  502 0  503 -0.166667  504 0  505 0.666667  506 0  507 0  536 0  537 -0.333333  538 0  539 -0.166667  540 0  541 0 
row 506: 470 -0.333333  471 0  472 -0.333333  473 0  474 -0.333333  475 0  504 -0.333333  505 0  506 2.66667  507 0  508 -0.333333  509 0  538 -0.333333  539 0  540 -0.333333  541 0  542 -0.333333  543 0 
row 507: 470 0  471 0  472 0  473 0  474 0  475 0  504 0  505 -0.166667  506 0  507 0.666667  508 0  509 0  538 0  539 -0.333333  540 0  541 -0.166667  542 0  543 0 
row 508: 508 1  509 0 
row 509: 508 0  509 1 
row 510: 476 -0.333333  477 0  478 -0.333333  479 0  480 -0.333333  481 0  510 2.66667  511 0  512 -0.333333  513 0  514 -0.333333  515 0  544 -0.333333  545 0  546 -0.333333  547 0  548 -0.333333  549 0 
row 511: 476 0  477 0  478 0  479 0  480 0  481 0  510 0  511 0.666667  512 0  513 -0.166667  514 0  515 0  544 0  545 -0.166667  546 0  547 -0.333333  548 0  549 0 
row 512: 512 1  513 0 
row 513: 512 0  513 1 
row 514: 476 -0.333333  477 0  480 -0.333333  481 0  482 -0.333333  483 0  510 -0.333333  511 0  514 2.66667  515 0  516 -0.333333  517 0  544 -0.333333  545 0  548 -0.333333  549 0  550 -0.333333  551 0 
row 515: 476 0  477 0  480 0  481 0  482 0  483 0  510 0  511 -0.166667  514 0  515 0.666667  516 0  517 0  544 0  545 -0.333333  548 0  549 -0.166667  550 0  551 0 
row 516: 480 -0.333333  481 0  482 -0.333333  483 0  484 -0.333333  485 0  514 -0.333333  515 0  516 2.66667  517 0  518 -0.333333  519 0  548 -0.333333  549 0  550 -0.333333  551 0  552 -0.333333  553 0 
row 517: 480 0  481 0  482 0  483 0  484 0  485 0  514 0  515 -0.166667  516 0  517 0.666667  518 0  519 0  548 0  549 -0.333333  550 0  551 -0.166667  552 0  553 0 
row 518: 482 -0.333333  483 0  484 -0.333333  485 0  486 -0.333333  487 0  516 -0.333333  517 0  518 2.66667  519 0  520 -0.333333  521 0  550 -0.333333  551 0  552 -0.333333  553 0  554 -0.333333  555 0 
row 519: 482 0  483 0  484 0  485 0  486 0  487 0  516 0  517 -0.166667  518 0  519 0.666667  520 0  521 0  550 0  551 -0.333333  552 0  553 -0.166667  554 0  555 0 
row 520: 484 -0.333333  485 0  486 -0.333333  487 0  488 -0.333333  489 0  518 -0.333333  519 0  520 2.66667  521 0  522 -0.333333  523 0  552 -0.333333  553 0  554 -0.333333  555 0  556 -0.333333  557 0 
row 521: 484 0  485 0  486 0  487 0  488 0  489 0  518 0  519 -0.166667  520 0  521 0.666667  522 0  523 0  552 0  553 -0.333333  554 0  555 -0.166667  556 0  557 0 
row 522: 486 -0.333333  487 0  488 -0.333333  489 0  490 -0.333333  491 0  520 -0.333333  521 0  522 2.66667  523 0  524 -0.333333  525 0  554 -0.333333  555 0  556 -0.333333  557 0  558 -0.333333  559 0 
row 523: 486 0  487 0  488 0  489 0  490 0  491 0  520 0  521 -0.166667  522 0  523 0.666667  524 0  525 0  554 0  555 -0.333333  556 0  557 -0.166667  558 0  559 0 
row 524: 488 -0.333333  489 0  490 -0.333333  491 0  492 -0.333333  493 0  522 -0.333333  523 0  524 2.66667  525 0  526 -0.333333  527 0  556 -0.333333  557 0  558 -0.333333  559 0  560 -0.333333  561 0 
row 525: 488 0  489 0  490 0  491 0  492 0  493 0  522 0  523 -0.166667  524 0  525 0.666667  526 0  527 0  556 0  557 -0.333333  558 0  559 -0.166667  560 0  561 0 
row 526: 490 -0.333333  491 0  492 -0.333333  493 0  494 -0.333333  495 0  524 -0.333333  525 0  526 2.66667  527 0  528 -0.333333  529 0  558 -0.333333  559 0  560 -0.333333  561 0  562 -0.333333  563 0 
row 527: 490 0  491 0  492 0  493 0  494 0  495 0  524 0  525 -0.166667  526 0  527 0.666667  528 0  529 0  558 0  559 -0.333333  560 0  561 -0.166667  562 0  563 0 
row 528: 492 -0.333333  493 0  494 -0.333333  495 0  496 -0.333333  497 0  526 -0.333333  527 0  528 2.66667  529 0  530 -0.333333  531 0  560 -0.333333  561 0  562 -0.333333  563 0  564 -0.333333  565 0 
row 529: 492 0  493 0  494 0  495 0  496 0  497 0  526 0  527 -0.166667  528 0  529 0.666667  530 0  531 0  560 0  561 -0.333333  562 0  563 -0.166667  564 0  565 0 
row 530: 494 -0.333333  495 0  496 -0.333333  497 0  498 -0.333333  499 0  528 -0.333333  529 0  530 2.66667  531 0  532 -0.333333  533 0  562 -0.333333  563 0  564 -0.333333  565 0  566 -0.333333  567 0 
row 531: 494 0  495 0  496 0  497 0  498 0  499 0  528 0  529 -0.166667  530 0  531 0.666667  532 0  533 0  562 0  563 -0.333333  564 0  565 -0.166667  566 0  567 0 
row 532: 496 -0.333333  497 0  498 -0.333333  499 0  500 -0.333333  501 0  530 -0.333333  531 0  532 2.66667  533 0  534 -0.333333  535 0  564 -0.333333  565 0  566 -0.333333  567 0  568 -0.333333  569 0 
row 533: 496 0  497 0  498 0  499 0  500 0  501 0  530 0  531 -0.166667  532 0  533 0.666667  534 0  535 0  564 0  565 -0.333333  566 0  567 -0.166667  568 0  569 0 
row 534: 498 -0.333333  499 0  500 -0.333333  501 0  502 -0.333333  503 0  532 -0.333333  533 0  534 2.66667  535 0  536 -0.333333  537 0  566 -0.333333  567 0  568 -0.333333  569 0  570 -0.333333  571 0 
row 535: 498 0  499 0  500 0  501 0  502 0  503 0  532 0  533 -0.166667  534 0  535 0.666667  536 0  537 0  566 0  567 -0.333333  568 0  569 -0.166667  570 0  571 0 
row 536: 500 -0.333333  501 0  502 -0.333333  503 0  504 -0.333333  505 0  534 -0.333333  535 0  536 2.66667  537 0  538 -0.333333  539 0  568 -0.333333  569 0  570 -0.333333  571 0  572 -0.333333  573 0 
row 537: 500 0  501 0  502 0  503 0  504 0  505 0  534 0  535 -0.166667  536 0  537 0.666667  538 0  539 0  568 0  569 -0.333333  570 0  571 -0.166667  572 0  573 0 
row 538: 502 -0.333333  503 0  504 -0.333333  505 0  506 -0.333333  507 0  536 -0.333333  537 0  538 2.66667  539 0  540 -0.333333  541 0  570 -0.333333  571 0  572 -0.333333  573 0  574 -0.333333  575 0 
row 539: 502 0  503 0  504 0  505 0  506 0  507 0  536 0  537 -0.166667  538 0  539 0.666667  540 0  541 0  570 0  571 -0.333333  572 0  573 -0.166667  574 0  575 0 
row 540: 504 -0.333333  505 0  506 -0.333333  507 0  508 -0.333333  509 0  538 -0.333333  539 0  540 2.66667  541 0  542 -0.333333  543 0  572 -0.333333  573 0  574 -0.333333  575 0  576 -0.333333  577 0 
row 541: 504 0  505 0  506 0  507 0  508 0  509 0  538 0  539 -0.166667  540 0  541 0.666667  542 0  543 0  572 0  573 -0.333333  574 0  575 -0.166667  576 0  577 0 
row 542: 542 1  543 0 
row 543: 542 0  543 1 
row 544: 544 1  545 0 
row 545: 544 0  545 1 
row 546: 546 1  547 0 
row 547: 546 0  547 1 
row 548: 548 1  549 0 
row 549: 548 0  549 1 
row 550: 550 1  551 0 
row 551: 550 0  551 1 
row 552: 552 1  553 0 
row 553: 552 0  553 1 
row 554: 554 1  555 0 
row 555: 554 0  555 1 
row 556: 556 1  557 0 
row 557: 556 0  557 1 
row 558: 558 1  559 0 
row 559: 558 0  559 1 
row 560: 560 1  561 0 
row 561: 560 0  561 1 
row 562: 562 1  563 0 
row 563: 562 0  563 1 
row 564: 564 1  565 0 
row 565: 564 0  565 1 
row 566: 566 1  567 0 
row 567: 566 0  567 1 
row 568: 568 1  569 0 
row 569: 568 0  569 1 
row 570: 570 1  571 0 
row 571: 570 0  571 1 
row 572: 572 1  573 0 
row 573: 572 0  573 1 
row 574: 574 1  575 0 
row 575: 574 0  575 1 
row 576: 576 1  577 0 
row 577: 576 0  577 1 
