  0.53333333333333321     
  0.20000000000000001     
 -0.33333333333333331     
   0.0000000000000000     
 -0.26666666666666666     
 -0.20000000000000001     
  6.66666666666666796E-002
  6.93889390390722838E-018
  0.20000000000000001     
  0.53333333333333333     
  7.80625564189563192E-018
  6.66666666666666935E-002
 -0.20000000000000001     
 -0.26666666666666666     
 -3.46944695195361419E-018
 -0.33333333333333331     
 -0.33333333333333331     
  1.12757025938492461E-017
  0.53333333333333333     
 -0.20000000000000001     
  6.66666666666666935E-002
 -6.93889390390722838E-018
 -0.26666666666666666     
  0.19999999999999998     
   0.0000000000000000     
  6.66666666666666935E-002
 -0.20000000000000001     
  0.53333333333333333     
  4.33680868994201774E-018
 -0.33333333333333331     
  0.20000000000000001     
 -0.26666666666666666     
 -0.26666666666666666     
 -0.20000000000000001     
  6.66666666666666935E-002
  8.67361737988403547E-019
  0.53333333333333333     
  0.19999999999999998     
 -0.33333333333333331     
 -3.46944695195361419E-018
 -0.20000000000000001     
 -0.26666666666666666     
 -1.04083408558608426E-017
 -0.33333333333333331     
  0.19999999999999998     
  0.53333333333333333     
  6.93889390390722838E-018
  6.66666666666666519E-002
  6.66666666666666796E-002
 -6.93889390390722838E-018
 -0.26666666666666666     
  0.19999999999999998     
 -0.33333333333333331     
  6.93889390390722838E-018
  0.53333333333333321     
 -0.20000000000000001     
  6.93889390390722838E-018
 -0.33333333333333331     
  0.19999999999999998     
 -0.26666666666666666     
   0.0000000000000000     
  6.66666666666666519E-002
 -0.20000000000000001     
  0.53333333333333321     
