  0.18981481481481474     
  5.27777777777777568E-002
  5.27777777777777568E-002
 -5.64814814814814659E-002
 -1.38888888888889072E-002
 -1.38888888888889089E-002
 -8.24074074074073876E-002
 -5.27777777777777429E-002
  1.38888888888888725E-002
  4.90740740740740339E-002
  1.38888888888889124E-002
  4.72222222222222071E-002
  4.90740740740740339E-002
  4.72222222222221932E-002
  1.38888888888888968E-002
 -8.24074074074073876E-002
  1.38888888888888673E-002
 -5.27777777777777429E-002
 -7.87037037037036785E-002
 -4.72222222222221932E-002
 -4.72222222222222071E-002
  1.20370370370370180E-002
 -1.38888888888888742E-002
 -1.38888888888888829E-002
  5.27777777777777568E-002
  0.18981481481481474     
  5.27777777777777568E-002
  1.38888888888889124E-002
  4.90740740740740269E-002
  4.72222222222221932E-002
 -5.27777777777777637E-002
 -8.24074074074073876E-002
  1.38888888888888725E-002
 -1.38888888888889037E-002
 -5.64814814814814728E-002
 -1.38888888888888985E-002
  4.72222222222221932E-002
  4.90740740740740478E-002
  1.38888888888888968E-002
 -1.38888888888888673E-002
  1.20370370370370058E-002
 -1.38888888888888742E-002
 -4.72222222222221932E-002
 -7.87037037037036785E-002
 -4.72222222222222002E-002
  1.38888888888888742E-002
 -8.24074074074073598E-002
 -5.27777777777777568E-002
  5.27777777777777568E-002
  5.27777777777777568E-002
  0.18981481481481474     
  1.38888888888889055E-002
  4.72222222222222002E-002
  4.90740740740740269E-002
 -1.38888888888888829E-002
 -1.38888888888888829E-002
  1.20370370370370180E-002
  4.72222222222222002E-002
  1.38888888888888985E-002
  4.90740740740740339E-002
 -1.38888888888888985E-002
 -1.38888888888888968E-002
 -5.64814814814814520E-002
 -5.27777777777777568E-002
  1.38888888888888777E-002
 -8.24074074074073876E-002
 -4.72222222222222002E-002
 -4.72222222222221932E-002
 -7.87037037037036646E-002
  1.38888888888888794E-002
 -5.27777777777777568E-002
 -8.24074074074073598E-002
 -5.64814814814814659E-002
  1.38888888888889124E-002
  1.38888888888889055E-002
  0.18981481481481474     
 -5.27777777777777568E-002
 -5.27777777777777499E-002
  4.90740740740740269E-002
 -1.38888888888889072E-002
 -4.72222222222221932E-002
 -8.24074074074073876E-002
  5.27777777777777568E-002
 -1.38888888888888812E-002
 -8.24074074074073876E-002
 -1.38888888888888742E-002
  5.27777777777777499E-002
  4.90740740740740269E-002
 -4.72222222222221863E-002
 -1.38888888888889089E-002
  1.20370370370370162E-002
  1.38888888888888673E-002
  1.38888888888888742E-002
 -7.87037037037036785E-002
  4.72222222222222002E-002
  4.72222222222222071E-002
 -1.38888888888889072E-002
  4.90740740740740269E-002
  4.72222222222222002E-002
 -5.27777777777777568E-002
  0.18981481481481480     
  5.27777777777777568E-002
  1.38888888888889020E-002
 -5.64814814814814728E-002
 -1.38888888888888951E-002
  5.27777777777777637E-002
 -8.24074074074073876E-002
  1.38888888888888881E-002
  1.38888888888888742E-002
  1.20370370370370232E-002
 -1.38888888888888812E-002
 -4.72222222222221863E-002
  4.90740740740740339E-002
  1.38888888888888933E-002
 -1.38888888888888812E-002
 -8.24074074074073876E-002
 -5.27777777777777568E-002
  4.72222222222222071E-002
 -7.87037037037036924E-002
 -4.72222222222222140E-002
 -1.38888888888889089E-002
  4.72222222222221932E-002
  4.90740740740740269E-002
 -5.27777777777777499E-002
  5.27777777777777568E-002
  0.18981481481481477     
 -4.72222222222222071E-002
  1.38888888888888968E-002
  4.90740740740740131E-002
  1.38888888888888812E-002
 -1.38888888888888708E-002
  1.20370370370370267E-002
  5.27777777777777568E-002
  1.38888888888888812E-002
 -8.24074074074073876E-002
  1.38888888888889124E-002
 -1.38888888888889055E-002
 -5.64814814814814589E-002
 -1.38888888888888812E-002
 -5.27777777777777568E-002
 -8.24074074074073737E-002
  4.72222222222222002E-002
 -4.72222222222222002E-002
 -7.87037037037036924E-002
 -8.24074074074073876E-002
 -5.27777777777777637E-002
 -1.38888888888888829E-002
  4.90740740740740269E-002
  1.38888888888889020E-002
 -4.72222222222222071E-002
  0.18981481481481480     
  5.27777777777777637E-002
 -5.27777777777777637E-002
 -5.64814814814814728E-002
 -1.38888888888889037E-002
  1.38888888888888951E-002
 -7.87037037037036785E-002
 -4.72222222222222002E-002
  4.72222222222221932E-002
  1.20370370370370128E-002
 -1.38888888888888725E-002
  1.38888888888888812E-002
  4.90740740740740408E-002
  4.72222222222222002E-002
 -1.38888888888888951E-002
 -8.24074074074073876E-002
  1.38888888888888812E-002
  5.27777777777777637E-002
 -5.27777777777777429E-002
 -8.24074074074073876E-002
 -1.38888888888888829E-002
 -1.38888888888889072E-002
 -5.64814814814814728E-002
  1.38888888888888968E-002
  5.27777777777777637E-002
  0.18981481481481480     
 -5.27777777777777568E-002
  1.38888888888888916E-002
  4.90740740740740339E-002
 -4.72222222222222210E-002
 -4.72222222222221932E-002
 -7.87037037037036924E-002
  4.72222222222222002E-002
  1.38888888888888742E-002
 -8.24074074074073876E-002
  5.27777777777777429E-002
  4.72222222222222002E-002
  4.90740740740740269E-002
 -1.38888888888888951E-002
 -1.38888888888888846E-002
  1.20370370370370267E-002
  1.38888888888888916E-002
  1.38888888888888725E-002
  1.38888888888888725E-002
  1.20370370370370180E-002
 -4.72222222222221932E-002
 -1.38888888888888951E-002
  4.90740740740740131E-002
 -5.27777777777777637E-002
 -5.27777777777777568E-002
  0.18981481481481480     
 -1.38888888888888968E-002
 -4.72222222222221932E-002
  4.90740740740740339E-002
  4.72222222222221932E-002
  4.72222222222222071E-002
 -7.87037037037036646E-002
 -1.38888888888888742E-002
  5.27777777777777499E-002
 -8.24074074074073737E-002
  1.38888888888888933E-002
  1.38888888888889020E-002
 -5.64814814814814589E-002
  5.27777777777777568E-002
 -1.38888888888888794E-002
 -8.24074074074073876E-002
  4.90740740740740339E-002
 -1.38888888888889037E-002
  4.72222222222222002E-002
 -8.24074074074073876E-002
  5.27777777777777637E-002
  1.38888888888888812E-002
 -5.64814814814814728E-002
  1.38888888888888916E-002
 -1.38888888888888968E-002
  0.18981481481481480     
 -5.27777777777777499E-002
  5.27777777777777707E-002
  1.20370370370370180E-002
  1.38888888888888812E-002
 -1.38888888888888812E-002
 -7.87037037037036785E-002
  4.72222222222222002E-002
 -4.72222222222222071E-002
 -8.24074074074073876E-002
 -1.38888888888888742E-002
 -5.27777777777777568E-002
  4.90740740740740616E-002
 -4.72222222222222002E-002
  1.38888888888888846E-002
  1.38888888888889124E-002
 -5.64814814814814728E-002
  1.38888888888888985E-002
  5.27777777777777568E-002
 -8.24074074074073876E-002
 -1.38888888888888708E-002
 -1.38888888888889037E-002
  4.90740740740740339E-002
 -4.72222222222221932E-002
 -5.27777777777777499E-002
  0.18981481481481480     
 -5.27777777777777568E-002
 -1.38888888888888673E-002
 -8.24074074074073598E-002
  5.27777777777777429E-002
  4.72222222222222002E-002
 -7.87037037037036785E-002
  4.72222222222222002E-002
  1.38888888888888708E-002
  1.20370370370370128E-002
  1.38888888888888760E-002
 -4.72222222222222002E-002
  4.90740740740740478E-002
 -1.38888888888888951E-002
  4.72222222222222071E-002
 -1.38888888888888985E-002
  4.90740740740740339E-002
 -1.38888888888888812E-002
  1.38888888888888881E-002
  1.20370370370370267E-002
  1.38888888888888951E-002
 -4.72222222222222210E-002
  4.90740740740740339E-002
  5.27777777777777707E-002
 -5.27777777777777568E-002
  0.18981481481481477     
  1.38888888888888829E-002
  5.27777777777777707E-002
 -8.24074074074073598E-002
 -4.72222222222222140E-002
  4.72222222222222140E-002
 -7.87037037037036646E-002
 -5.27777777777777707E-002
 -1.38888888888888829E-002
 -8.24074074074073876E-002
 -1.38888888888888881E-002
  1.38888888888888881E-002
 -5.64814814814814589E-002
  4.90740740740740339E-002
  4.72222222222221932E-002
 -1.38888888888888985E-002
 -8.24074074074073876E-002
  1.38888888888888742E-002
  5.27777777777777568E-002
 -7.87037037037036785E-002
 -4.72222222222221932E-002
  4.72222222222221932E-002
  1.20370370370370180E-002
 -1.38888888888888673E-002
  1.38888888888888829E-002
  0.18981481481481469     
  5.27777777777777429E-002
 -5.27777777777777429E-002
 -5.64814814814814659E-002
 -1.38888888888889055E-002
  1.38888888888889055E-002
 -8.24074074074074153E-002
 -5.27777777777777429E-002
 -1.38888888888888760E-002
  4.90740740740740408E-002
  1.38888888888888968E-002
 -4.72222222222222071E-002
  4.72222222222221932E-002
  4.90740740740740478E-002
 -1.38888888888888968E-002
 -1.38888888888888742E-002
  1.20370370370370232E-002
  1.38888888888888812E-002
 -4.72222222222222002E-002
 -7.87037037037036924E-002
  4.72222222222222071E-002
  1.38888888888888812E-002
 -8.24074074074073598E-002
  5.27777777777777707E-002
  5.27777777777777429E-002
  0.18981481481481477     
 -5.27777777777777499E-002
  1.38888888888889107E-002
  4.90740740740740478E-002
 -4.72222222222221932E-002
 -5.27777777777777568E-002
 -8.24074074074074153E-002
 -1.38888888888888812E-002
 -1.38888888888888846E-002
 -5.64814814814814659E-002
  1.38888888888888812E-002
  1.38888888888888968E-002
  1.38888888888888968E-002
 -5.64814814814814520E-002
  5.27777777777777499E-002
 -1.38888888888888812E-002
 -8.24074074074073876E-002
  4.72222222222221932E-002
  4.72222222222222002E-002
 -7.87037037037036646E-002
 -1.38888888888888812E-002
  5.27777777777777429E-002
 -8.24074074074073598E-002
 -5.27777777777777429E-002
 -5.27777777777777499E-002
  0.18981481481481474     
 -1.38888888888888985E-002
 -4.72222222222221863E-002
  4.90740740740740339E-002
  1.38888888888888829E-002
  1.38888888888888777E-002
  1.20370370370370249E-002
 -4.72222222222222002E-002
 -1.38888888888888933E-002
  4.90740740740740339E-002
 -8.24074074074073876E-002
 -1.38888888888888673E-002
 -5.27777777777777568E-002
  4.90740740740740269E-002
 -4.72222222222221863E-002
  1.38888888888889124E-002
  1.20370370370370128E-002
  1.38888888888888742E-002
 -1.38888888888888742E-002
 -7.87037037037036785E-002
  4.72222222222222002E-002
 -4.72222222222222140E-002
 -5.64814814814814659E-002
  1.38888888888889107E-002
 -1.38888888888888985E-002
  0.18981481481481474     
 -5.27777777777777499E-002
  5.27777777777777499E-002
  4.90740740740740339E-002
 -1.38888888888889055E-002
  4.72222222222221932E-002
 -8.24074074074074153E-002
  5.27777777777777499E-002
  1.38888888888888829E-002
  1.38888888888888673E-002
  1.20370370370370058E-002
  1.38888888888888777E-002
 -4.72222222222221863E-002
  4.90740740740740339E-002
 -1.38888888888889055E-002
 -1.38888888888888725E-002
 -8.24074074074073876E-002
  5.27777777777777499E-002
  4.72222222222222002E-002
 -7.87037037037036785E-002
  4.72222222222222140E-002
 -1.38888888888889055E-002
  4.90740740740740478E-002
 -4.72222222222221863E-002
 -5.27777777777777499E-002
  0.18981481481481469     
 -5.27777777777777499E-002
  1.38888888888889072E-002
 -5.64814814814814659E-002
  1.38888888888889003E-002
  5.27777777777777429E-002
 -8.24074074074074153E-002
 -1.38888888888888812E-002
 -5.27777777777777429E-002
 -1.38888888888888742E-002
 -8.24074074074073876E-002
 -1.38888888888889089E-002
  1.38888888888888933E-002
 -5.64814814814814589E-002
  1.38888888888888812E-002
  5.27777777777777429E-002
 -8.24074074074073737E-002
 -4.72222222222222071E-002
  4.72222222222222002E-002
 -7.87037037037036646E-002
  1.38888888888889055E-002
 -4.72222222222221932E-002
  4.90740740740740339E-002
  5.27777777777777499E-002
 -5.27777777777777499E-002
  0.18981481481481474     
  4.72222222222222002E-002
 -1.38888888888888985E-002
  4.90740740740740339E-002
 -1.38888888888888846E-002
  1.38888888888888812E-002
  1.20370370370370284E-002
 -7.87037037037036785E-002
 -4.72222222222221932E-002
 -4.72222222222222002E-002
  1.20370370370370162E-002
 -1.38888888888888812E-002
 -1.38888888888888812E-002
  4.90740740740740408E-002
  4.72222222222222002E-002
  1.38888888888888933E-002
 -8.24074074074073876E-002
  1.38888888888888708E-002
 -5.27777777777777707E-002
 -8.24074074074074153E-002
 -5.27777777777777568E-002
  1.38888888888888829E-002
  4.90740740740740339E-002
  1.38888888888889072E-002
  4.72222222222222002E-002
  0.18981481481481477     
  5.27777777777777429E-002
  5.27777777777777568E-002
 -5.64814814814814659E-002
 -1.38888888888888846E-002
 -1.38888888888888881E-002
 -4.72222222222221932E-002
 -7.87037037037036785E-002
 -4.72222222222221932E-002
  1.38888888888888673E-002
 -8.24074074074073876E-002
 -5.27777777777777568E-002
  4.72222222222222002E-002
  4.90740740740740269E-002
  1.38888888888889020E-002
 -1.38888888888888742E-002
  1.20370370370370128E-002
 -1.38888888888888829E-002
 -5.27777777777777429E-002
 -8.24074074074074153E-002
  1.38888888888888777E-002
 -1.38888888888889055E-002
 -5.64814814814814659E-002
 -1.38888888888888985E-002
  5.27777777777777429E-002
  0.18981481481481469     
  5.27777777777777429E-002
  1.38888888888888933E-002
  4.90740740740740339E-002
  4.72222222222222071E-002
 -4.72222222222222071E-002
 -4.72222222222222002E-002
 -7.87037037037036646E-002
  1.38888888888888742E-002
 -5.27777777777777568E-002
 -8.24074074074073737E-002
 -1.38888888888888951E-002
 -1.38888888888888951E-002
 -5.64814814814814589E-002
 -5.27777777777777568E-002
  1.38888888888888760E-002
 -8.24074074074073876E-002
 -1.38888888888888760E-002
 -1.38888888888888812E-002
  1.20370370370370249E-002
  4.72222222222221932E-002
  1.38888888888889003E-002
  4.90740740740740339E-002
  5.27777777777777568E-002
  5.27777777777777429E-002
  0.18981481481481474     
  1.38888888888888933E-002
  4.72222222222222071E-002
  4.90740740740740339E-002
  1.20370370370370180E-002
  1.38888888888888742E-002
  1.38888888888888794E-002
 -7.87037037037036785E-002
  4.72222222222222071E-002
  4.72222222222222002E-002
 -8.24074074074073876E-002
 -1.38888888888888846E-002
  5.27777777777777568E-002
  4.90740740740740616E-002
 -4.72222222222222002E-002
 -1.38888888888888881E-002
  4.90740740740740408E-002
 -1.38888888888888846E-002
 -4.72222222222222002E-002
 -8.24074074074074153E-002
  5.27777777777777429E-002
 -1.38888888888888846E-002
 -5.64814814814814659E-002
  1.38888888888888933E-002
  1.38888888888888933E-002
  0.18981481481481477     
 -5.27777777777777568E-002
 -5.27777777777777637E-002
 -1.38888888888888742E-002
 -8.24074074074073598E-002
 -5.27777777777777568E-002
  4.72222222222222002E-002
 -7.87037037037036924E-002
 -4.72222222222222002E-002
  1.38888888888888812E-002
  1.20370370370370267E-002
 -1.38888888888888794E-002
 -4.72222222222222002E-002
  4.90740740740740478E-002
  1.38888888888888881E-002
  1.38888888888888968E-002
 -5.64814814814814659E-002
 -1.38888888888888933E-002
  5.27777777777777499E-002
 -8.24074074074074153E-002
  1.38888888888888812E-002
 -1.38888888888888846E-002
  4.90740740740740339E-002
  4.72222222222222071E-002
 -5.27777777777777568E-002
  0.18981481481481477     
  5.27777777777777637E-002
 -1.38888888888888829E-002
 -5.27777777777777568E-002
 -8.24074074074073598E-002
  4.72222222222222071E-002
 -4.72222222222222140E-002
 -7.87037037037036924E-002
  5.27777777777777637E-002
  1.38888888888888916E-002
 -8.24074074074073876E-002
  1.38888888888888846E-002
 -1.38888888888888951E-002
 -5.64814814814814589E-002
 -4.72222222222222071E-002
  1.38888888888888812E-002
  4.90740740740740339E-002
  1.38888888888888829E-002
 -1.38888888888888812E-002
  1.20370370370370284E-002
 -1.38888888888888881E-002
  4.72222222222222071E-002
  4.90740740740740339E-002
 -5.27777777777777637E-002
  5.27777777777777637E-002
  0.18981481481481477     
